C:\Users\iCeiRA\Desktop\cvphpto\DSC00088.jpg
1000 1500

2 0 749.5 
0 2 499.5 
0 0 1 

0.995148 0.00344108 0.0983292 
-0.00342448 0.999994 -0.00033731 
-0.0983298 -8.28032e-007 0.995154 

592.85

C:\Users\iCeiRA\Desktop\cvphpto\DSC00089.jpg
1000 1500

2 0 749.5 
0 2 499.5 
0 0 1 

0.995049 0.0332424 0.0936643 
-0.000172881 0.942984 -0.332838 
-0.0993883 0.331174 0.938321 

590.769

C:\Users\iCeiRA\Desktop\cvphpto\DSC00090.jpg
1000 1500

2 0 749.5 
0 2 499.5 
0 0 1 

0.995011 0.0563522 0.082325 
0.00201167 0.813691 -0.581293 
-0.0997443 0.578559 0.809519 

588.669

C:\Users\iCeiRA\Desktop\cvphpto\DSC00091.jpg
1000 1500

2 0 749.5 
0 2 499.5 
0 0 1 

0.995184 0.0748783 0.0632541 
0.00165104 0.632423 -0.774621 
-0.0980057 0.770995 0.629254 

590.108

C:\Users\iCeiRA\Desktop\cvphpto\DSC00092.jpg
1000 1500

2 0 749.5 
0 2 499.5 
0 0 1 

0.995394 0.0860074 0.0423622 
0.00137373 0.429013 -0.903297 
-0.0958642 0.899195 0.426918 

587.592

C:\Users\iCeiRA\Desktop\cvphpto\DSC00093.jpg
1000 1500

2 0 749.5 
0 2 499.5 
0 0 1 

0.995494 0.0929323 0.0188407 
-0.000664759 0.205528 -0.978651 
-0.0948205 0.974229 0.204664 

588.914

C:\Users\iCeiRA\Desktop\cvphpto\DSC00094.jpg
1000 1500

2 0 749.5 
0 2 499.5 
0 0 1 

0.995584 0.0936312 -0.00674412 
0.00180307 -0.0909025 -0.995858 
-0.0938565 0.991448 -0.0906699 

589.955

C:\Users\iCeiRA\Desktop\cvphpto\DSC00095.jpg
1000 1500

2 0 749.5 
0 2 499.5 
0 0 1 

0.995713 0.0885801 -0.0266252 
-0.000631491 -0.281339 -0.959608 
-0.0924929 0.955511 -0.280077 

590.723

C:\Users\iCeiRA\Desktop\cvphpto\DSC00096.jpg
1000 1500

2 0 749.5 
0 2 499.5 
0 0 1 

0.995582 0.0822254 -0.045348 
-0.000668195 -0.476716 -0.879057 
-0.0938989 0.875203 -0.474555 

592.979

C:\Users\iCeiRA\Desktop\cvphpto\DSC00097.jpg
1000 1500

2 0 749.5 
0 2 499.5 
0 0 1 

0.995736 0.0663412 -0.0641031 
-0.00272396 -0.673426 -0.73925 
-0.0922114 0.736272 -0.670373 

593.123

C:\Users\iCeiRA\Desktop\cvphpto\DSC00098.jpg
1000 1500

2 0 749.5 
0 2 499.5 
0 0 1 

0.995627 0.0491578 -0.0794422 
-0.0067462 -0.810313 -0.585959 
-0.0931774 0.583932 -0.806437 

591.447

C:\Users\iCeiRA\Desktop\cvphpto\DSC00087.jpg
1000 1500

2 0 749.5 
0 2 499.5 
0 0 1 

0.995184 -0.0236616 0.0951264 
-0.00756529 0.948996 0.315198 
-0.0977327 -0.314399 0.944246 

588.783

