# blender export (blender version 2.5x and higher)
# created by voodoo camera tracker - www.digilab.uni-hannover.de
# Creation date: Fri May 17 23:00:41 2019
# USAGE: load this python script into Blender's text editor and execute the script with ALT-P
#        use the 'voodoo_render_cam' for rendering your scene
#        use the helper object 'voodoo_scene' to rotate, translate and scale the scene

import bpy
import mathutils
import string
import math
scene = bpy.context.scene
dummy = bpy.data.objects.new('voodoo_scene', None)
dummy.location = (0.0, 0.0, 0.0)
dummy.rotation_euler = ( -3.141593/2, 0.0, 0.0)
dummy.scale = (0.2, 0.2, 0.2)
scene.objects.link(dummy)
data = bpy.data.cameras.new('voodoo_render_cam')
data.lens_unit = 'DEGREES'
vcam = bpy.data.objects.new('voodoo_render_cam', data)
vcam.location = (0.0, 0.0, 0.0)
vcam.rotation_euler = (0.0, 0.0, 0.0)
vcam.scale = (1.0, 1.0, 1.0)
data.lens = 35.0
data.shift_x = 0.0
data.shift_y = 0.0
data.dof_distance = 0.0
data.clip_start = 0.1
data.clip_end = 1000.0
data.draw_size = 0.5
scene.objects.link(vcam)
vcam.parent = dummy
data = bpy.data.meshes.new('voodoo_FP3D_cloud')
mesh = bpy.data.objects.new('voodoo_FP3D_cloud', data)
mesh.location = (0.0, 0.0, 0.0)
mesh.rotation_euler = (0.0, 0.0, 0.0)
mesh.scale = (1.0, 1.0, 1.0)
scene.objects.link(mesh)
mesh.parent = dummy

#Camera Parameters
scene.frame_current = 1
vcam.data.lens = 27.763601
vcam.matrix_world = (([0.999951,0.002564,0.009551,0.000000], [0.002449,-0.999925,0.011970,0.000000], [0.009581,-0.011946,-0.999883,0.000000], [-17.348677,10.923261,-157.156258,1.000000])) 
vcam.keyframe_insert('location')
vcam.keyframe_insert('scale')
vcam.keyframe_insert('rotation_euler')
vcam.data.keyframe_insert('lens')

scene.frame_current = 2
vcam.data.lens = 27.763601
vcam.matrix_world = (([0.999772,0.002677,0.021185,0.000000], [0.002484,-0.999955,0.009135,0.000000], [0.021208,-0.009080,-0.999734,0.000000], [-17.319884,10.913474,-157.140755,1.000000])) 
vcam.keyframe_insert('location')
vcam.keyframe_insert('scale')
vcam.keyframe_insert('rotation_euler')
vcam.data.keyframe_insert('lens')

scene.frame_current = 3
vcam.data.lens = 27.763601
vcam.matrix_world = (([0.999952,0.002517,0.009521,0.000000], [0.002402,-0.999925,0.011996,0.000000], [0.009551,-0.011972,-0.999883,0.000000], [-17.349642,10.921863,-157.159922,1.000000])) 
vcam.keyframe_insert('location')
vcam.keyframe_insert('scale')
vcam.keyframe_insert('rotation_euler')
vcam.data.keyframe_insert('lens')

scene.frame_current = 4
vcam.data.lens = 27.763601
vcam.matrix_world = (([0.999995,0.002664,-0.001499,0.000000], [0.002687,-0.999879,0.015339,0.000000], [-0.001458,-0.015343,-0.999881,0.000000], [-17.368630,10.933267,-157.162811,1.000000])) 
vcam.keyframe_insert('location')
vcam.keyframe_insert('scale')
vcam.keyframe_insert('rotation_euler')
vcam.data.keyframe_insert('lens')

scene.frame_current = 5
vcam.data.lens = 27.763601
vcam.matrix_world = (([0.999916,0.003350,-0.012521,0.000000], [0.003588,-0.999812,0.019068,0.000000], [-0.012455,-0.019111,-0.999740,0.000000], [-17.402932,10.937397,-157.102271,1.000000])) 
vcam.keyframe_insert('location')
vcam.keyframe_insert('scale')
vcam.keyframe_insert('rotation_euler')
vcam.data.keyframe_insert('lens')

scene.frame_current = 6
vcam.data.lens = 27.763601
vcam.matrix_world = (([0.999701,0.004133,-0.024103,0.000000], [0.004673,-0.999739,0.022371,0.000000], [-0.024004,-0.022477,-0.999459,0.000000], [-17.419891,10.942429,-157.043051,1.000000])) 
vcam.keyframe_insert('location')
vcam.keyframe_insert('scale')
vcam.keyframe_insert('rotation_euler')
vcam.data.keyframe_insert('lens')

scene.frame_current = 7
vcam.data.lens = 27.763601
vcam.matrix_world = (([0.999330,0.005281,-0.036209,0.000000], [0.006208,-0.999654,0.025548,0.000000], [-0.036062,-0.025756,-0.999018,0.000000], [-17.516735,10.947505,-156.903133,1.000000])) 
vcam.keyframe_insert('location')
vcam.keyframe_insert('scale')
vcam.keyframe_insert('rotation_euler')
vcam.data.keyframe_insert('lens')

scene.frame_current = 8
vcam.data.lens = 27.763601
vcam.matrix_world = (([0.998821,0.006343,-0.048122,0.000000], [0.007743,-0.999550,0.028976,0.000000], [-0.047916,-0.029315,-0.998421,0.000000], [-17.560489,10.941713,-156.805307,1.000000])) 
vcam.keyframe_insert('location')
vcam.keyframe_insert('scale')
vcam.keyframe_insert('rotation_euler')
vcam.data.keyframe_insert('lens')

scene.frame_current = 9
vcam.data.lens = 27.763601
vcam.matrix_world = (([0.998166,0.007430,-0.060080,0.000000], [0.009366,-0.999444,0.032002,0.000000], [-0.059808,-0.032506,-0.997680,0.000000], [-17.609996,10.945246,-156.719792,1.000000])) 
vcam.keyframe_insert('location')
vcam.keyframe_insert('scale')
vcam.keyframe_insert('rotation_euler')
vcam.data.keyframe_insert('lens')

scene.frame_current = 10
vcam.data.lens = 27.763601
vcam.matrix_world = (([0.997392,0.009040,-0.071613,0.000000], [0.011595,-0.999308,0.035342,0.000000], [-0.071244,-0.036080,-0.996806,0.000000], [-17.653529,10.950049,-156.622863,1.000000])) 
vcam.keyframe_insert('location')
vcam.keyframe_insert('scale')
vcam.keyframe_insert('rotation_euler')
vcam.data.keyframe_insert('lens')

scene.frame_current = 11
vcam.data.lens = 27.763601
vcam.matrix_world = (([0.996461,0.010561,-0.083394,0.000000], [0.013797,-0.999170,0.038319,0.000000], [-0.082920,-0.039334,-0.995780,0.000000], [-17.713895,10.959144,-156.516097,1.000000])) 
vcam.keyframe_insert('location')
vcam.keyframe_insert('scale')
vcam.keyframe_insert('rotation_euler')
vcam.data.keyframe_insert('lens')

scene.frame_current = 12
vcam.data.lens = 27.763601
vcam.matrix_world = (([0.995413,0.011719,-0.094956,0.000000], [0.015679,-0.999034,0.041062,0.000000], [-0.094383,-0.042362,-0.994634,0.000000], [-17.784523,10.968545,-156.411944,1.000000])) 
vcam.keyframe_insert('location')
vcam.keyframe_insert('scale')
vcam.keyframe_insert('rotation_euler')
vcam.data.keyframe_insert('lens')

scene.frame_current = 13
vcam.data.lens = 27.763601
vcam.matrix_world = (([0.994287,0.012899,-0.105962,0.000000], [0.017669,-0.998866,0.044202,0.000000], [-0.105272,-0.045822,-0.993387,0.000000], [-17.860668,10.975588,-156.299001,1.000000])) 
vcam.keyframe_insert('location')
vcam.keyframe_insert('scale')
vcam.keyframe_insert('rotation_euler')
vcam.data.keyframe_insert('lens')

scene.frame_current = 14
vcam.data.lens = 27.763601
vcam.matrix_world = (([0.993084,0.014305,-0.116530,0.000000], [0.019942,-0.998679,0.047352,0.000000], [-0.115698,-0.049348,-0.992058,0.000000], [-17.948093,10.978176,-156.196205,1.000000])) 
vcam.keyframe_insert('location')
vcam.keyframe_insert('scale')
vcam.keyframe_insert('rotation_euler')
vcam.data.keyframe_insert('lens')

scene.frame_current = 15
vcam.data.lens = 27.763601
vcam.matrix_world = (([0.991782,0.015644,-0.126979,0.000000], [0.022227,-0.998472,0.050598,0.000000], [-0.125994,-0.053004,-0.990614,0.000000], [-18.046440,10.967306,-156.081316,1.000000])) 
vcam.keyframe_insert('location')
vcam.keyframe_insert('scale')
vcam.keyframe_insert('rotation_euler')
vcam.data.keyframe_insert('lens')

scene.frame_current = 16
vcam.data.lens = 27.763601
vcam.matrix_world = (([0.990438,0.016983,-0.136906,0.000000], [0.024513,-0.998267,0.053502,0.000000], [-0.135760,-0.056346,-0.989138,0.000000], [-18.164355,10.941637,-155.969986,1.000000])) 
vcam.keyframe_insert('location')
vcam.keyframe_insert('scale')
vcam.keyframe_insert('rotation_euler')
vcam.data.keyframe_insert('lens')

scene.frame_current = 17
vcam.data.lens = 27.763601
vcam.matrix_world = (([0.989047,0.018164,-0.146480,0.000000], [0.026702,-0.998044,0.056530,0.000000], [-0.145167,-0.059822,-0.987597,0.000000], [-18.276002,10.907891,-155.830895,1.000000])) 
vcam.keyframe_insert('location')
vcam.keyframe_insert('scale')
vcam.keyframe_insert('rotation_euler')
vcam.data.keyframe_insert('lens')

scene.frame_current = 18
vcam.data.lens = 27.763601
vcam.matrix_world = (([0.987552,0.019537,-0.156075,0.000000], [0.029139,-0.997804,0.059474,0.000000], [-0.154570,-0.063281,-0.985953,0.000000], [-18.403217,10.861751,-155.716157,1.000000])) 
vcam.keyframe_insert('location')
vcam.keyframe_insert('scale')
vcam.keyframe_insert('rotation_euler')
vcam.data.keyframe_insert('lens')

scene.frame_current = 19
vcam.data.lens = 27.763601
vcam.matrix_world = (([0.986034,0.021058,-0.165209,0.000000], [0.031620,-0.997602,0.061565,0.000000], [-0.163516,-0.065929,-0.984335,0.000000], [-18.562464,10.830806,-155.626984,1.000000])) 
vcam.keyframe_insert('location')
vcam.keyframe_insert('scale')
vcam.keyframe_insert('rotation_euler')
vcam.data.keyframe_insert('lens')

scene.frame_current = 20
vcam.data.lens = 27.763601
vcam.matrix_world = (([0.984576,0.022124,-0.173554,0.000000], [0.033749,-0.997359,0.064317,0.000000], [-0.171673,-0.069182,-0.982722,0.000000], [-18.706021,10.779995,-155.495598,1.000000])) 
vcam.keyframe_insert('location')
vcam.keyframe_insert('scale')
vcam.keyframe_insert('rotation_euler')
vcam.data.keyframe_insert('lens')

scene.frame_current = 21
vcam.data.lens = 27.763601
vcam.matrix_world = (([0.982979,0.023407,-0.182223,0.000000], [0.036074,-0.997133,0.066514,0.000000], [-0.180143,-0.071956,-0.981005,0.000000], [-18.847289,10.732285,-155.338661,1.000000])) 
vcam.keyframe_insert('location')
vcam.keyframe_insert('scale')
vcam.keyframe_insert('rotation_euler')
vcam.data.keyframe_insert('lens')

scene.frame_current = 22
vcam.data.lens = 27.763601
vcam.matrix_world = (([0.981321,0.024556,-0.190806,0.000000], [0.038209,-0.996939,0.068205,0.000000], [-0.188547,-0.074222,-0.979255,0.000000], [-19.023663,10.690947,-155.227491,1.000000])) 
vcam.keyframe_insert('location')
vcam.keyframe_insert('scale')
vcam.keyframe_insert('rotation_euler')
vcam.data.keyframe_insert('lens')

scene.frame_current = 23
vcam.data.lens = 27.763601
vcam.matrix_world = (([0.979724,0.026061,-0.198651,0.000000], [0.040940,-0.996624,0.071165,0.000000], [-0.196126,-0.077854,-0.977483,0.000000], [-19.191322,10.648329,-155.096857,1.000000])) 
vcam.keyframe_insert('location')
vcam.keyframe_insert('scale')
vcam.keyframe_insert('rotation_euler')
vcam.data.keyframe_insert('lens')

scene.frame_current = 24
vcam.data.lens = 27.763601
vcam.matrix_world = (([0.977994,0.027547,-0.206805,0.000000], [0.043508,-0.996380,0.073031,0.000000], [-0.204045,-0.080422,-0.975653,0.000000], [-19.377416,10.609477,-155.002048,1.000000])) 
vcam.keyframe_insert('location')
vcam.keyframe_insert('scale')
vcam.keyframe_insert('rotation_euler')
vcam.data.keyframe_insert('lens')

scene.frame_current = 25
vcam.data.lens = 27.763601
vcam.matrix_world = (([0.976309,0.028412,-0.214508,0.000000], [0.045328,-0.996201,0.074357,0.000000], [-0.211581,-0.082318,-0.973888,0.000000], [-19.587512,10.577059,-154.927254,1.000000])) 
vcam.keyframe_insert('location')
vcam.keyframe_insert('scale')
vcam.keyframe_insert('rotation_euler')
vcam.data.keyframe_insert('lens')

scene.frame_current = 26
vcam.data.lens = 27.763601
vcam.matrix_world = (([0.974710,0.029913,-0.221461,0.000000], [0.047896,-0.995935,0.076284,0.000000], [-0.218279,-0.084962,-0.972181,0.000000], [-19.778366,10.555816,-154.783541,1.000000])) 
vcam.keyframe_insert('location')
vcam.keyframe_insert('scale')
vcam.keyframe_insert('rotation_euler')
vcam.data.keyframe_insert('lens')

scene.frame_current = 27
vcam.data.lens = 27.763601
vcam.matrix_world = (([0.972923,0.031379,-0.228988,0.000000], [0.050603,-0.995624,0.078566,0.000000], [-0.225521,-0.088026,-0.970254,0.000000], [-19.969497,10.513517,-154.651147,1.000000])) 
vcam.keyframe_insert('location')
vcam.keyframe_insert('scale')
vcam.keyframe_insert('rotation_euler')
vcam.data.keyframe_insert('lens')

scene.frame_current = 28
vcam.data.lens = 27.763601
vcam.matrix_world = (([0.970926,0.032545,-0.237157,0.000000], [0.052878,-0.995401,0.079885,0.000000], [-0.233466,-0.090103,-0.968181,0.000000], [-20.167754,10.473511,-154.512888,1.000000])) 
vcam.keyframe_insert('location')
vcam.keyframe_insert('scale')
vcam.keyframe_insert('rotation_euler')
vcam.data.keyframe_insert('lens')

scene.frame_current = 29
vcam.data.lens = 27.763601
vcam.matrix_world = (([0.968793,0.034146,-0.245508,0.000000], [0.055634,-0.995150,0.081129,0.000000], [-0.241547,-0.092256,-0.965994,0.000000], [-20.375672,10.445616,-154.376530,1.000000])) 
vcam.keyframe_insert('location')
vcam.keyframe_insert('scale')
vcam.keyframe_insert('rotation_euler')
vcam.data.keyframe_insert('lens')

scene.frame_current = 30
vcam.data.lens = 27.763601
vcam.matrix_world = (([0.966648,0.035704,-0.253609,0.000000], [0.058504,-0.994836,0.082934,0.000000], [-0.249339,-0.095005,-0.963745,0.000000], [-20.595797,10.422770,-154.244744,1.000000])) 
vcam.keyframe_insert('location')
vcam.keyframe_insert('scale')
vcam.keyframe_insert('rotation_euler')
vcam.data.keyframe_insert('lens')

scene.frame_current = 31
vcam.data.lens = 27.763601
vcam.matrix_world = (([0.964445,0.037303,-0.261636,0.000000], [0.061388,-0.994531,0.084495,0.000000], [-0.257054,-0.097552,-0.961461,0.000000], [-20.828690,10.402125,-154.131820,1.000000])) 
vcam.keyframe_insert('location')
vcam.keyframe_insert('scale')
vcam.keyframe_insert('rotation_euler')
vcam.data.keyframe_insert('lens')

scene.frame_current = 32
vcam.data.lens = 27.763601
vcam.matrix_world = (([0.962196,0.038377,-0.269640,0.000000], [0.063523,-0.994341,0.085157,0.000000], [-0.264846,-0.099066,-0.959189,0.000000], [-21.069117,10.386810,-154.006886,1.000000])) 
vcam.keyframe_insert('location')
vcam.keyframe_insert('scale')
vcam.keyframe_insert('rotation_euler')
vcam.data.keyframe_insert('lens')

scene.frame_current = 33
vcam.data.lens = 27.763601
vcam.matrix_world = (([0.960037,0.039748,-0.277035,0.000000], [0.066175,-0.994034,0.086702,0.000000], [-0.271936,-0.101570,-0.956940,0.000000], [-21.292262,10.386469,-153.812948,1.000000])) 
vcam.keyframe_insert('location')
vcam.keyframe_insert('scale')
vcam.keyframe_insert('rotation_euler')
vcam.data.keyframe_insert('lens')

scene.frame_current = 34
vcam.data.lens = 27.763601
vcam.matrix_world = (([0.957690,0.041234,-0.284832,0.000000], [0.069062,-0.993692,0.088354,0.000000], [-0.279392,-0.104287,-0.954497,0.000000], [-21.486532,10.352295,-153.567273,1.000000])) 
vcam.keyframe_insert('location')
vcam.keyframe_insert('scale')
vcam.keyframe_insert('rotation_euler')
vcam.data.keyframe_insert('lens')

scene.frame_current = 35
vcam.data.lens = 27.763601
vcam.matrix_world = (([0.954224,0.042837,-0.296009,0.000000], [0.072082,-0.993456,0.088599,0.000000], [-0.290276,-0.105880,-0.951067,0.000000], [-21.706197,10.336877,-153.345821,1.000000])) 
vcam.keyframe_insert('location')
vcam.keyframe_insert('scale')
vcam.keyframe_insert('rotation_euler')
vcam.data.keyframe_insert('lens')

scene.frame_current = 36
vcam.data.lens = 27.763601
vcam.matrix_world = (([0.950737,0.044652,-0.306766,0.000000], [0.075075,-0.993279,0.088095,0.000000], [-0.300771,-0.106786,-0.947699,0.000000], [-21.988131,10.311637,-153.223563,1.000000])) 
vcam.keyframe_insert('location')
vcam.keyframe_insert('scale')
vcam.keyframe_insert('rotation_euler')
vcam.data.keyframe_insert('lens')

scene.frame_current = 37
vcam.data.lens = 27.763601
vcam.matrix_world = (([0.947492,0.047046,-0.316298,0.000000], [0.078800,-0.992967,0.088357,0.000000], [-0.309917,-0.108642,-0.944536,0.000000], [-22.241795,10.293719,-153.027922,1.000000])) 
vcam.keyframe_insert('location')
vcam.keyframe_insert('scale')
vcam.keyframe_insert('rotation_euler')
vcam.data.keyframe_insert('lens')

scene.frame_current = 38
vcam.data.lens = 27.763601
vcam.matrix_world = (([0.944029,0.049217,-0.326169,0.000000], [0.082381,-0.992650,0.088648,0.000000], [-0.319408,-0.110556,-0.941146,0.000000], [-22.481710,10.243095,-152.801589,1.000000])) 
vcam.keyframe_insert('location')
vcam.keyframe_insert('scale')
vcam.keyframe_insert('rotation_euler')
vcam.data.keyframe_insert('lens')

scene.frame_current = 39
vcam.data.lens = 27.763601
vcam.matrix_world = (([0.940321,0.051334,-0.336395,0.000000], [0.085562,-0.992464,0.087721,0.000000], [-0.329357,-0.111269,-0.937627,0.000000], [-22.752499,10.191589,-152.610229,1.000000])) 
vcam.keyframe_insert('location')
vcam.keyframe_insert('scale')
vcam.keyframe_insert('rotation_euler')
vcam.data.keyframe_insert('lens')

scene.frame_current = 40
vcam.data.lens = 27.763601
vcam.matrix_world = (([0.936777,0.053405,-0.345829,0.000000], [0.088977,-0.992156,0.087804,0.000000], [-0.338427,-0.113023,-0.934180,0.000000], [-23.019944,10.129906,-152.407781,1.000000])) 
vcam.keyframe_insert('location')
vcam.keyframe_insert('scale')
vcam.keyframe_insert('rotation_euler')
vcam.data.keyframe_insert('lens')

scene.frame_current = 41
vcam.data.lens = 27.763601
vcam.matrix_world = (([0.933060,0.054989,-0.355493,0.000000], [0.091902,-0.991891,0.087785,0.000000], [-0.347783,-0.114579,-0.930548,0.000000], [-23.271189,10.028577,-152.248018,1.000000])) 
vcam.keyframe_insert('location')
vcam.keyframe_insert('scale')
vcam.keyframe_insert('rotation_euler')
vcam.data.keyframe_insert('lens')

scene.frame_current = 42
vcam.data.lens = 27.763601
vcam.matrix_world = (([0.929173,0.056970,-0.365228,0.000000], [0.094786,-0.991737,0.086448,0.000000], [-0.357285,-0.114944,-0.926896,0.000000], [-23.525734,9.939759,-152.055203,1.000000])) 
vcam.keyframe_insert('location')
vcam.keyframe_insert('scale')
vcam.keyframe_insert('rotation_euler')
vcam.data.keyframe_insert('lens')

scene.frame_current = 43
vcam.data.lens = 27.763601
vcam.matrix_world = (([0.925544,0.059032,-0.374009,0.000000], [0.097773,-0.991533,0.085455,0.000000], [-0.365797,-0.115660,-0.923480,0.000000], [-23.805727,9.846517,-151.931611,1.000000])) 
vcam.keyframe_insert('location')
vcam.keyframe_insert('scale')
vcam.keyframe_insert('rotation_euler')
vcam.data.keyframe_insert('lens')

scene.frame_current = 44
vcam.data.lens = 27.763601
vcam.matrix_world = (([0.922148,0.060812,-0.382027,0.000000], [0.100194,-0.991413,0.084037,0.000000], [-0.373636,-0.115772,-0.920322,0.000000], [-24.058335,9.756792,-151.757612,1.000000])) 
vcam.keyframe_insert('location')
vcam.keyframe_insert('scale')
vcam.keyframe_insert('rotation_euler')
vcam.data.keyframe_insert('lens')

scene.frame_current = 45
vcam.data.lens = 27.763601
vcam.matrix_world = (([0.918930,0.062740,-0.389400,0.000000], [0.102804,-0.991242,0.082895,0.000000], [-0.380788,-0.116206,-0.917331,0.000000], [-24.339056,9.671884,-151.617225,1.000000])) 
vcam.keyframe_insert('location')
vcam.keyframe_insert('scale')
vcam.keyframe_insert('rotation_euler')
vcam.data.keyframe_insert('lens')

scene.frame_current = 46
vcam.data.lens = 27.763601
vcam.matrix_world = (([0.915952,0.064783,-0.396025,0.000000], [0.105331,-0.991093,0.081491,0.000000], [-0.387218,-0.116356,-0.914616,0.000000], [-24.579868,9.610040,-151.411588,1.000000])) 
vcam.keyframe_insert('location')
vcam.keyframe_insert('scale')
vcam.keyframe_insert('rotation_euler')
vcam.data.keyframe_insert('lens')

scene.frame_current = 47
vcam.data.lens = 27.763601
vcam.matrix_world = (([0.913014,0.066561,-0.402462,0.000000], [0.107850,-0.990879,0.080790,0.000000], [-0.393413,-0.117168,-0.911865,0.000000], [-24.815894,9.534054,-151.211191,1.000000])) 
vcam.keyframe_insert('location')
vcam.keyframe_insert('scale')
vcam.keyframe_insert('rotation_euler')
vcam.data.keyframe_insert('lens')

scene.frame_current = 48
vcam.data.lens = 27.763601
vcam.matrix_world = (([0.910081,0.068146,-0.408789,0.000000], [0.109629,-0.990837,0.078892,0.000000], [-0.399667,-0.116614,-0.909213,0.000000], [-25.101636,9.481012,-151.063373,1.000000])) 
vcam.keyframe_insert('location')
vcam.keyframe_insert('scale')
vcam.keyframe_insert('rotation_euler')
vcam.data.keyframe_insert('lens')

scene.frame_current = 49
vcam.data.lens = 27.763601
vcam.matrix_world = (([0.907732,0.070006,-0.413668,0.000000], [0.111830,-0.990682,0.077739,0.000000], [-0.404371,-0.116827,-0.907103,0.000000], [-25.364831,9.446962,-150.882829,1.000000])) 
vcam.keyframe_insert('location')
vcam.keyframe_insert('scale')
vcam.keyframe_insert('rotation_euler')
vcam.data.keyframe_insert('lens')

scene.frame_current = 50
vcam.data.lens = 27.763601
vcam.matrix_world = (([0.905559,0.071374,-0.418172,0.000000], [0.113497,-0.990573,0.076710,0.000000], [-0.408755,-0.116927,-0.905123,0.000000], [-25.644585,9.410126,-150.712753,1.000000])) 
vcam.keyframe_insert('location')
vcam.keyframe_insert('scale')
vcam.keyframe_insert('rotation_euler')
vcam.data.keyframe_insert('lens')

scene.frame_current = 51
vcam.data.lens = 27.763601
vcam.matrix_world = (([0.903595,0.072721,-0.422170,0.000000], [0.115194,-0.990435,0.075948,0.000000], [-0.412609,-0.117258,-0.903330,0.000000], [-25.923869,9.382757,-150.534493,1.000000])) 
vcam.keyframe_insert('location')
vcam.keyframe_insert('scale')
vcam.keyframe_insert('rotation_euler')
vcam.data.keyframe_insert('lens')

scene.frame_current = 52
vcam.data.lens = 27.763601
vcam.matrix_world = (([0.901748,0.074009,-0.425880,0.000000], [0.116695,-0.990333,0.074987,0.000000], [-0.416213,-0.117317,-0.901667,0.000000], [-26.207905,9.354146,-150.330462,1.000000])) 
vcam.keyframe_insert('location')
vcam.keyframe_insert('scale')
vcam.keyframe_insert('rotation_euler')
vcam.data.keyframe_insert('lens')

scene.frame_current = 53
vcam.data.lens = 27.763601
vcam.matrix_world = (([0.900117,0.075138,-0.429119,0.000000], [0.118011,-0.990240,0.074149,0.000000], [-0.419359,-0.117383,-0.900199,0.000000], [-26.524375,9.339601,-150.177463,1.000000])) 
vcam.keyframe_insert('location')
vcam.keyframe_insert('scale')
vcam.keyframe_insert('rotation_euler')
vcam.data.keyframe_insert('lens')

scene.frame_current = 54
vcam.data.lens = 27.763601
vcam.matrix_world = (([0.898921,0.075781,-0.431508,0.000000], [0.119038,-0.990121,0.074096,0.000000], [-0.421630,-0.117972,-0.899061,0.000000], [-26.818111,9.315432,-149.973077,1.000000])) 
vcam.keyframe_insert('location')
vcam.keyframe_insert('scale')
vcam.keyframe_insert('rotation_euler')
vcam.data.keyframe_insert('lens')

scene.frame_current = 55
vcam.data.lens = 27.763601
vcam.matrix_world = (([0.897811,0.077114,-0.433577,0.000000], [0.120244,-0.990064,0.072904,0.000000], [-0.423647,-0.117589,-0.898162,0.000000], [-27.143884,9.293429,-149.791923,1.000000])) 
vcam.keyframe_insert('location')
vcam.keyframe_insert('scale')
vcam.keyframe_insert('rotation_euler')
vcam.data.keyframe_insert('lens')

scene.frame_current = 56
vcam.data.lens = 27.763601
vcam.matrix_world = (([0.896905,0.078531,-0.435194,0.000000], [0.121612,-0.989963,0.071996,0.000000], [-0.425172,-0.117498,-0.897453,0.000000], [-27.431067,9.260833,-149.541884,1.000000])) 
vcam.keyframe_insert('location')
vcam.keyframe_insert('scale')
vcam.keyframe_insert('rotation_euler')
vcam.data.keyframe_insert('lens')

scene.frame_current = 57
vcam.data.lens = 27.763601
vcam.matrix_world = (([0.896221,0.080236,-0.436292,0.000000], [0.123721,-0.989692,0.072137,0.000000], [-0.426007,-0.118629,-0.896909,0.000000], [-27.763601,9.206080,-149.338530,1.000000])) 
vcam.keyframe_insert('location')
vcam.keyframe_insert('scale')
vcam.keyframe_insert('rotation_euler')
vcam.data.keyframe_insert('lens')

scene.frame_current = 58
vcam.data.lens = 27.763601
vcam.matrix_world = (([0.895953,0.081926,-0.436528,0.000000], [0.125236,-0.989560,0.071324,0.000000], [-0.426127,-0.118572,-0.896859,0.000000], [-28.032344,9.153673,-149.046741,1.000000])) 
vcam.keyframe_insert('location')
vcam.keyframe_insert('scale')
vcam.keyframe_insert('rotation_euler')
vcam.data.keyframe_insert('lens')

scene.frame_current = 59
vcam.data.lens = 27.763601
vcam.matrix_world = (([0.895307,0.083623,-0.437529,0.000000], [0.128029,-0.989084,0.072942,0.000000], [-0.426654,-0.121322,-0.896241,0.000000], [-28.235342,9.066168,-148.687699,1.000000])) 
vcam.keyframe_insert('location')
vcam.keyframe_insert('scale')
vcam.keyframe_insert('rotation_euler')
vcam.data.keyframe_insert('lens')

scene.frame_current = 60
vcam.data.lens = 27.763601
vcam.matrix_world = (([0.893871,0.085648,-0.440067,0.000000], [0.130612,-0.988752,0.072867,0.000000], [-0.428876,-0.122612,-0.895004,0.000000], [-28.527528,8.960358,-148.473299,1.000000])) 
vcam.keyframe_insert('location')
vcam.keyframe_insert('scale')
vcam.keyframe_insert('rotation_euler')
vcam.data.keyframe_insert('lens')

scene.frame_current = 61
vcam.data.lens = 27.763601
vcam.matrix_world = (([0.893024,0.088117,-0.441298,0.000000], [0.133301,-0.988429,0.072385,0.000000], [-0.429813,-0.123467,-0.894436,0.000000], [-28.855014,8.873127,-148.319322,1.000000])) 
vcam.keyframe_insert('location')
vcam.keyframe_insert('scale')
vcam.keyframe_insert('rotation_euler')
vcam.data.keyframe_insert('lens')

scene.frame_current = 62
vcam.data.lens = 27.763601
vcam.matrix_world = (([0.892427,0.090479,-0.442026,0.000000], [0.135946,-0.988081,0.072216,0.000000], [-0.430224,-0.124539,-0.894090,0.000000], [-29.137295,8.786470,-148.104063,1.000000])) 
vcam.keyframe_insert('location')
vcam.keyframe_insert('scale')
vcam.keyframe_insert('rotation_euler')
vcam.data.keyframe_insert('lens')

scene.frame_current = 63
vcam.data.lens = 27.763601
vcam.matrix_world = (([0.891757,0.093291,-0.442793,0.000000], [0.139277,-0.987602,0.072419,0.000000], [-0.430547,-0.126251,-0.893694,0.000000], [-29.405269,8.716927,-147.852024,1.000000])) 
vcam.keyframe_insert('location')
vcam.keyframe_insert('scale')
vcam.keyframe_insert('rotation_euler')
vcam.data.keyframe_insert('lens')

scene.frame_current = 64
vcam.data.lens = 27.763601
vcam.matrix_world = (([0.890754,0.096259,-0.444175,0.000000], [0.143022,-0.987030,0.072914,0.000000], [-0.431395,-0.128475,-0.892968,0.000000], [-29.685887,8.626645,-147.643237,1.000000])) 
vcam.keyframe_insert('location')
vcam.keyframe_insert('scale')
vcam.keyframe_insert('rotation_euler')
vcam.data.keyframe_insert('lens')

scene.frame_current = 65
vcam.data.lens = 27.763601
vcam.matrix_world = (([0.889518,0.099044,-0.446036,0.000000], [0.146158,-0.986608,0.072398,0.000000], [-0.432892,-0.129591,-0.892082,0.000000], [-29.968915,8.575138,-147.429193,1.000000])) 
vcam.keyframe_insert('location')
vcam.keyframe_insert('scale')
vcam.keyframe_insert('rotation_euler')
vcam.data.keyframe_insert('lens')

scene.frame_current = 66
vcam.data.lens = 27.763601
vcam.matrix_world = (([0.888010,0.101942,-0.448381,0.000000], [0.149963,-0.986006,0.072826,0.000000], [-0.434682,-0.131910,-0.890871,0.000000], [-30.283218,8.520987,-147.251531,1.000000])) 
vcam.keyframe_insert('location')
vcam.keyframe_insert('scale')
vcam.keyframe_insert('rotation_euler')
vcam.data.keyframe_insert('lens')

scene.frame_current = 67
vcam.data.lens = 27.763601
vcam.matrix_world = (([0.886693,0.104915,-0.450299,0.000000], [0.153885,-0.985356,0.073439,0.000000], [-0.436000,-0.134412,-0.889853,0.000000], [-30.592655,8.486175,-147.066387,1.000000])) 
vcam.keyframe_insert('location')
vcam.keyframe_insert('scale')
vcam.keyframe_insert('rotation_euler')
vcam.data.keyframe_insert('lens')

scene.frame_current = 68
vcam.data.lens = 27.763601
vcam.matrix_world = (([0.885162,0.107630,-0.452664,0.000000], [0.157857,-0.984643,0.074562,0.000000], [-0.437687,-0.137456,-0.888558,0.000000], [-30.850249,8.446368,-146.799549,1.000000])) 
vcam.keyframe_insert('location')
vcam.keyframe_insert('scale')
vcam.keyframe_insert('rotation_euler')
vcam.data.keyframe_insert('lens')

scene.frame_current = 69
vcam.data.lens = 27.763601
vcam.matrix_world = (([0.883199,0.110311,-0.455841,0.000000], [0.161568,-0.984014,0.074915,0.000000], [-0.440290,-0.139814,-0.886903,0.000000], [-31.141524,8.418835,-146.578679,1.000000])) 
vcam.keyframe_insert('location')
vcam.keyframe_insert('scale')
vcam.keyframe_insert('rotation_euler')
vcam.data.keyframe_insert('lens')

scene.frame_current = 70
vcam.data.lens = 27.763601
vcam.matrix_world = (([0.881461,0.112311,-0.458708,0.000000], [0.165229,-0.983263,0.076763,0.000000], [-0.442409,-0.143456,-0.885265,0.000000], [-31.432776,8.405652,-146.338976,1.000000])) 
vcam.keyframe_insert('location')
vcam.keyframe_insert('scale')
vcam.keyframe_insert('rotation_euler')
vcam.data.keyframe_insert('lens')

scene.frame_current = 71
vcam.data.lens = 27.763601
vcam.matrix_world = (([0.879684,0.114106,-0.461667,0.000000], [0.168288,-0.982664,0.077787,0.000000], [-0.444787,-0.146121,-0.883636,0.000000], [-31.766107,8.353805,-146.153827,1.000000])) 
vcam.keyframe_insert('location')
vcam.keyframe_insert('scale')
vcam.keyframe_insert('rotation_euler')
vcam.data.keyframe_insert('lens')

scene.frame_current = 72
vcam.data.lens = 27.763601
vcam.matrix_world = (([0.878017,0.116561,-0.464220,0.000000], [0.171282,-0.982181,0.077344,0.000000], [-0.446932,-0.147422,-0.882337,0.000000], [-32.104156,8.325159,-145.985541,1.000000])) 
vcam.keyframe_insert('location')
vcam.keyframe_insert('scale')
vcam.keyframe_insert('rotation_euler')
vcam.data.keyframe_insert('lens')

scene.frame_current = 73
vcam.data.lens = 27.763601
vcam.matrix_world = (([0.876072,0.118644,-0.467355,0.000000], [0.174872,-0.981445,0.078651,0.000000], [-0.449352,-0.150632,-0.880564,0.000000], [-32.386712,8.281885,-145.731461,1.000000])) 
vcam.keyframe_insert('location')
vcam.keyframe_insert('scale')
vcam.keyframe_insert('rotation_euler')
vcam.data.keyframe_insert('lens')

scene.frame_current = 74
vcam.data.lens = 27.763601
vcam.matrix_world = (([0.873507,0.121086,-0.471511,0.000000], [0.178723,-0.980703,0.079249,0.000000], [-0.452816,-0.153494,-0.878292,0.000000], [-32.709797,8.218342,-145.524155,1.000000])) 
vcam.keyframe_insert('location')
vcam.keyframe_insert('scale')
vcam.keyframe_insert('rotation_euler')
vcam.data.keyframe_insert('lens')

scene.frame_current = 75
vcam.data.lens = 27.763601
vcam.matrix_world = (([0.870783,0.122332,-0.476206,0.000000], [0.181018,-0.980287,0.079182,0.000000], [-0.457133,-0.155152,-0.875761,0.000000], [-33.036670,8.154983,-145.337657,1.000000])) 
vcam.keyframe_insert('location')
vcam.keyframe_insert('scale')
vcam.keyframe_insert('rotation_euler')
vcam.data.keyframe_insert('lens')

scene.frame_current = 76
vcam.data.lens = 27.763601
vcam.matrix_world = (([0.868401,0.122805,-0.480415,0.000000], [0.183019,-0.979819,0.080363,0.000000], [-0.460851,-0.157712,-0.873352,0.000000], [-33.333390,8.090636,-145.128797,1.000000])) 
vcam.keyframe_insert('location')
vcam.keyframe_insert('scale')
vcam.keyframe_insert('rotation_euler')
vcam.data.keyframe_insert('lens')

scene.frame_current = 77
vcam.data.lens = 27.763601
vcam.matrix_world = (([0.865721,0.124342,-0.484837,0.000000], [0.186057,-0.979186,0.081099,0.000000], [-0.464661,-0.160416,-0.870837,0.000000], [-33.629915,8.005389,-144.936581,1.000000])) 
vcam.keyframe_insert('location')
vcam.keyframe_insert('scale')
vcam.keyframe_insert('rotation_euler')
vcam.data.keyframe_insert('lens')

scene.frame_current = 78
vcam.data.lens = 27.763601
vcam.matrix_world = (([0.862911,0.125243,-0.489591,0.000000], [0.188163,-0.978770,0.081260,0.000000], [-0.469020,-0.162243,-0.868158,0.000000], [-33.932839,7.922601,-144.757889,1.000000])) 
vcam.keyframe_insert('location')
vcam.keyframe_insert('scale')
vcam.keyframe_insert('rotation_euler')
vcam.data.keyframe_insert('lens')

scene.frame_current = 79
vcam.data.lens = 27.763601
vcam.matrix_world = (([0.859904,0.125708,-0.494735,0.000000], [0.189950,-0.978401,0.081551,0.000000], [-0.473798,-0.164101,-0.865209,0.000000], [-34.187742,7.843647,-144.513896,1.000000])) 
vcam.keyframe_insert('location')
vcam.keyframe_insert('scale')
vcam.keyframe_insert('rotation_euler')
vcam.data.keyframe_insert('lens')

scene.frame_current = 80
vcam.data.lens = 27.763601
vcam.matrix_world = (([0.856800,0.126807,-0.499813,0.000000], [0.192298,-0.977944,0.081532,0.000000], [-0.478451,-0.165970,-0.862287,0.000000], [-34.480664,7.775731,-144.308705,1.000000])) 
vcam.keyframe_insert('location')
vcam.keyframe_insert('scale')
vcam.keyframe_insert('rotation_euler')
vcam.data.keyframe_insert('lens')

scene.frame_current = 81
vcam.data.lens = 27.763601
vcam.matrix_world = (([0.853894,0.127602,-0.504562,0.000000], [0.194447,-0.977491,0.081868,0.000000], [-0.482758,-0.168017,-0.859485,0.000000], [-34.739835,7.723377,-144.062313,1.000000])) 
vcam.keyframe_insert('location')
vcam.keyframe_insert('scale')
vcam.keyframe_insert('rotation_euler')
vcam.data.keyframe_insert('lens')

scene.frame_current = 82
vcam.data.lens = 27.763601
vcam.matrix_world = (([0.850569,0.128121,-0.510017,0.000000], [0.196736,-0.976964,0.082680,0.000000], [-0.487676,-0.170664,-0.856181,0.000000], [-34.971397,7.676032,-143.777500,1.000000])) 
vcam.keyframe_insert('location')
vcam.keyframe_insert('scale')
vcam.keyframe_insert('rotation_euler')
vcam.data.keyframe_insert('lens')

scene.frame_current = 83
vcam.data.lens = 27.763601
vcam.matrix_world = (([0.847071,0.128682,-0.515666,0.000000], [0.198406,-0.976668,0.082193,0.000000], [-0.493058,-0.171934,-0.852838,0.000000], [-35.275229,7.634402,-143.586176,1.000000])) 
vcam.keyframe_insert('location')
vcam.keyframe_insert('scale')
vcam.keyframe_insert('rotation_euler')
vcam.data.keyframe_insert('lens')

scene.frame_current = 84
vcam.data.lens = 27.763601
vcam.matrix_world = (([0.843615,0.128577,-0.521327,0.000000], [0.199339,-0.976516,0.081729,0.000000], [-0.498576,-0.172868,-0.849434,0.000000], [-35.525400,7.620036,-143.317759,1.000000])) 
vcam.keyframe_insert('location')
vcam.keyframe_insert('scale')
vcam.keyframe_insert('rotation_euler')
vcam.data.keyframe_insert('lens')

scene.frame_current = 85
vcam.data.lens = 27.763601
vcam.matrix_world = (([0.840113,0.128618,-0.526941,0.000000], [0.200737,-0.976228,0.081757,0.000000], [-0.503899,-0.174462,-0.845960,0.000000], [-35.809860,7.604348,-143.071263,1.000000])) 
vcam.keyframe_insert('location')
vcam.keyframe_insert('scale')
vcam.keyframe_insert('rotation_euler')
vcam.data.keyframe_insert('lens')

scene.frame_current = 86
vcam.data.lens = 27.763601
vcam.matrix_world = (([0.836891,0.128362,-0.532106,0.000000], [0.201801,-0.975992,0.081948,0.000000], [-0.508812,-0.175961,-0.842703,0.000000], [-36.076856,7.591264,-142.781817,1.000000])) 
vcam.keyframe_insert('location')
vcam.keyframe_insert('scale')
vcam.keyframe_insert('rotation_euler')
vcam.data.keyframe_insert('lens')

scene.frame_current = 87
vcam.data.lens = 27.763601
vcam.matrix_world = (([0.832857,0.128411,-0.538387,0.000000], [0.202837,-0.975854,0.081027,0.000000], [-0.514982,-0.176689,-0.838793,0.000000], [-36.244334,7.588672,-142.387216,1.000000])) 
vcam.keyframe_insert('location')
vcam.keyframe_insert('scale')
vcam.keyframe_insert('rotation_euler')
vcam.data.keyframe_insert('lens')

scene.frame_current = 88
vcam.data.lens = 27.763601
vcam.matrix_world = (([0.828402,0.128190,-0.545268,0.000000], [0.203975,-0.975659,0.080518,0.000000], [-0.521674,-0.177922,-0.834386,0.000000], [-36.517589,7.565254,-142.087119,1.000000])) 
vcam.keyframe_insert('location')
vcam.keyframe_insert('scale')
vcam.keyframe_insert('rotation_euler')
vcam.data.keyframe_insert('lens')

scene.frame_current = 89
vcam.data.lens = 27.763601
vcam.matrix_world = (([0.824323,0.128356,-0.551377,0.000000], [0.205591,-0.975337,0.080314,0.000000], [-0.527469,-0.179562,-0.830382,0.000000], [-36.762513,7.540453,-141.746395,1.000000])) 
vcam.keyframe_insert('location')
vcam.keyframe_insert('scale')
vcam.keyframe_insert('rotation_euler')
vcam.data.keyframe_insert('lens')

scene.frame_current = 90
vcam.data.lens = 27.763601
vcam.matrix_world = (([0.819702,0.128028,-0.558299,0.000000], [0.206333,-0.975263,0.079296,0.000000], [-0.534337,-0.180194,-0.825842,0.000000], [-36.967107,7.478979,-141.375762,1.000000])) 
vcam.keyframe_insert('location')
vcam.keyframe_insert('scale')
vcam.keyframe_insert('rotation_euler')
vcam.data.keyframe_insert('lens')

scene.frame_current = 91
vcam.data.lens = 27.763601
vcam.matrix_world = (([0.815427,0.128385,-0.564444,0.000000], [0.207658,-0.975070,0.078210,0.000000], [-0.540331,-0.180985,-0.821758,0.000000], [-37.225739,7.435248,-141.005812,1.000000])) 
vcam.keyframe_insert('location')
vcam.keyframe_insert('scale')
vcam.keyframe_insert('rotation_euler')
vcam.data.keyframe_insert('lens')

scene.frame_current = 92
vcam.data.lens = 27.763601
vcam.matrix_world = (([0.811178,0.128949,-0.570405,0.000000], [0.209550,-0.974710,0.077654,0.000000], [-0.545966,-0.182519,-0.817684,0.000000], [-37.402074,7.372355,-140.605130,1.000000])) 
vcam.keyframe_insert('location')
vcam.keyframe_insert('scale')
vcam.keyframe_insert('rotation_euler')
vcam.data.keyframe_insert('lens')

scene.frame_current = 93
vcam.data.lens = 27.763601
vcam.matrix_world = (([0.805774,0.129028,-0.577997,0.000000], [0.211388,-0.974350,0.077185,0.000000], [-0.553212,-0.184375,-0.812380,0.000000], [-37.644415,7.294112,-140.268754,1.000000])) 
vcam.keyframe_insert('location')
vcam.keyframe_insert('scale')
vcam.keyframe_insert('rotation_euler')
vcam.data.keyframe_insert('lens')

scene.frame_current = 94
vcam.data.lens = 27.763601
vcam.matrix_world = (([0.800447,0.129708,-0.585202,0.000000], [0.212607,-0.974266,0.074864,0.000000], [-0.560431,-0.184343,-0.807424,0.000000], [-37.996204,7.206611,-140.053622,1.000000])) 
vcam.keyframe_insert('location')
vcam.keyframe_insert('scale')
vcam.keyframe_insert('rotation_euler')
vcam.data.keyframe_insert('lens')

scene.frame_current = 95
vcam.data.lens = 27.763601
vcam.matrix_world = (([0.795670,0.130236,-0.591564,0.000000], [0.213569,-0.974213,0.072778,0.000000], [-0.566831,-0.184247,-0.802967,0.000000], [-38.252379,7.140106,-139.736248,1.000000])) 
vcam.keyframe_insert('location')
vcam.keyframe_insert('scale')
vcam.keyframe_insert('rotation_euler')
vcam.data.keyframe_insert('lens')

scene.frame_current = 96
vcam.data.lens = 27.763601
vcam.matrix_world = (([0.790806,0.130466,-0.598001,0.000000], [0.215332,-0.973862,0.072291,0.000000], [-0.572939,-0.185937,-0.798229,0.000000], [-38.460920,7.077100,-139.377893,1.000000])) 
vcam.keyframe_insert('location')
vcam.keyframe_insert('scale')
vcam.keyframe_insert('rotation_euler')
vcam.data.keyframe_insert('lens')

scene.frame_current = 97
vcam.data.lens = 27.763601
vcam.matrix_world = (([0.784851,0.131199,-0.605636,0.000000], [0.217246,-0.973558,0.070629,0.000000], [-0.580355,-0.187006,-0.792601,0.000000], [-38.710607,6.994165,-139.082151,1.000000])) 
vcam.keyframe_insert('location')
vcam.keyframe_insert('scale')
vcam.keyframe_insert('rotation_euler')
vcam.data.keyframe_insert('lens')

scene.frame_current = 98
vcam.data.lens = 27.763601
vcam.matrix_world = (([0.779118,0.131881,-0.612848,0.000000], [0.218963,-0.973296,0.068922,0.000000], [-0.587393,-0.187890,-0.787189,0.000000], [-38.976047,6.952651,-138.776656,1.000000])) 
vcam.keyframe_insert('location')
vcam.keyframe_insert('scale')
vcam.keyframe_insert('rotation_euler')
vcam.data.keyframe_insert('lens')

scene.frame_current = 99
vcam.data.lens = 27.763601
vcam.matrix_world = (([0.773715,0.132900,-0.619437,0.000000], [0.221932,-0.972651,0.068524,0.000000], [-0.593390,-0.190491,-0.782050,0.000000], [-39.191047,6.908862,-138.434531,1.000000])) 
vcam.keyframe_insert('location')
vcam.keyframe_insert('scale')
vcam.keyframe_insert('rotation_euler')
vcam.data.keyframe_insert('lens')

scene.frame_current = 100
vcam.data.lens = 27.763601
vcam.matrix_world = (([0.767876,0.133579,-0.626517,0.000000], [0.223719,-0.972356,0.066880,0.000000], [-0.600264,-0.191520,-0.776533,0.000000], [-39.465403,6.865141,-138.152509,1.000000])) 
