# blender export (blender version 2.5x and higher)
# created by voodoo camera tracker - www.digilab.uni-hannover.de
# Creation date: Mon May 20 19:51:39 2019
# USAGE: load this python script into Blender's text editor and execute the script with ALT-P
#        use the 'voodoo_render_cam' for rendering your scene
#        use the helper object 'voodoo_scene' to rotate, translate and scale the scene

import bpy
import mathutils
import string
import math
scene = bpy.context.scene
dummy = bpy.data.objects.new('voodoo_scene', None)
dummy.location = (0.0, 0.0, 0.0)
dummy.rotation_euler = ( -3.141593/2, 0.0, 0.0)
dummy.scale = (0.2, 0.2, 0.2)
scene.objects.link(dummy)
data = bpy.data.cameras.new('voodoo_render_cam')
data.lens_unit = 'DEGREES'
vcam = bpy.data.objects.new('voodoo_render_cam', data)
vcam.location = (0.0, 0.0, 0.0)
vcam.rotation_euler = (0.0, 0.0, 0.0)
vcam.scale = (1.0, 1.0, 1.0)
data.lens = 35.0
data.shift_x = 0.0
data.shift_y = 0.0
data.dof_distance = 0.0
data.clip_start = 0.1
data.clip_end = 1000.0
data.draw_size = 0.5
scene.objects.link(vcam)
vcam.parent = dummy
data = bpy.data.meshes.new('voodoo_FP3D_cloud')
mesh = bpy.data.objects.new('voodoo_FP3D_cloud', data)
mesh.location = (0.0, 0.0, 0.0)
mesh.rotation_euler = (0.0, 0.0, 0.0)
mesh.scale = (1.0, 1.0, 1.0)
scene.objects.link(mesh)
mesh.parent = dummy

#Camera Parameters
scene.frame_current = 1
vcam.data.lens = 31.154026
vcam.matrix_world = (([0.999989,0.000412,-0.004601,0.000000], [0.000423,-0.999997,0.002267,0.000000], [-0.004600,-0.002269,-0.999987,0.000000], [-9.458258,2.185691,-18.340728,1.000000])) 
vcam.keyframe_insert('location')
vcam.keyframe_insert('scale')
vcam.keyframe_insert('rotation_euler')
vcam.data.keyframe_insert('lens')

scene.frame_current = 2
vcam.data.lens = 31.154026
vcam.matrix_world = (([0.999990,0.000379,-0.004478,0.000000], [0.000389,-0.999998,0.002170,0.000000], [-0.004477,-0.002171,-0.999988,0.000000], [-9.459782,2.185216,-18.346229,1.000000])) 
vcam.keyframe_insert('location')
vcam.keyframe_insert('scale')
vcam.keyframe_insert('rotation_euler')
vcam.data.keyframe_insert('lens')

scene.frame_current = 3
vcam.data.lens = 31.154026
vcam.matrix_world = (([0.999990,0.000305,-0.004415,0.000000], [0.000315,-0.999997,0.002308,0.000000], [-0.004414,-0.002310,-0.999988,0.000000], [-9.463427,2.185361,-18.355042,1.000000])) 
vcam.keyframe_insert('location')
vcam.keyframe_insert('scale')
vcam.keyframe_insert('rotation_euler')
vcam.data.keyframe_insert('lens')

scene.frame_current = 4
vcam.data.lens = 31.154026
vcam.matrix_world = (([0.999991,0.000234,-0.004289,0.000000], [0.000243,-0.999998,0.002145,0.000000], [-0.004289,-0.002146,-0.999989,0.000000], [-9.465320,2.184691,-18.360391,1.000000])) 
vcam.keyframe_insert('location')
vcam.keyframe_insert('scale')
vcam.keyframe_insert('rotation_euler')
vcam.data.keyframe_insert('lens')

scene.frame_current = 5
vcam.data.lens = 31.154026
vcam.matrix_world = (([0.999992,0.000290,-0.004029,0.000000], [0.000299,-0.999998,0.002099,0.000000], [-0.004028,-0.002101,-0.999990,0.000000], [-9.464289,2.184775,-18.359779,1.000000])) 
vcam.keyframe_insert('location')
vcam.keyframe_insert('scale')
vcam.keyframe_insert('rotation_euler')
vcam.data.keyframe_insert('lens')

scene.frame_current = 6
vcam.data.lens = 31.154026
vcam.matrix_world = (([0.999992,0.000275,-0.003928,0.000000], [0.000283,-0.999998,0.002036,0.000000], [-0.003927,-0.002037,-0.999990,0.000000], [-9.467074,2.185029,-18.365543,1.000000])) 
vcam.keyframe_insert('location')
vcam.keyframe_insert('scale')
vcam.keyframe_insert('rotation_euler')
vcam.data.keyframe_insert('lens')

scene.frame_current = 7
vcam.data.lens = 31.154026
vcam.matrix_world = (([0.999992,0.000266,-0.003871,0.000000], [0.000273,-0.999998,0.001981,0.000000], [-0.003871,-0.001982,-0.999991,0.000000], [-9.469267,2.183592,-18.372590,1.000000])) 
vcam.keyframe_insert('location')
vcam.keyframe_insert('scale')
vcam.keyframe_insert('rotation_euler')
vcam.data.keyframe_insert('lens')

scene.frame_current = 8
vcam.data.lens = 31.154026
vcam.matrix_world = (([0.999993,0.000250,-0.003669,0.000000], [0.000257,-0.999998,0.001961,0.000000], [-0.003669,-0.001962,-0.999991,0.000000], [-9.469995,2.182913,-18.377049,1.000000])) 
vcam.keyframe_insert('location')
vcam.keyframe_insert('scale')
vcam.keyframe_insert('rotation_euler')
vcam.data.keyframe_insert('lens')

scene.frame_current = 9
vcam.data.lens = 31.154026
vcam.matrix_world = (([0.999994,0.000126,-0.003504,0.000000], [0.000133,-0.999998,0.001861,0.000000], [-0.003504,-0.001861,-0.999992,0.000000], [-9.471527,2.183232,-18.380281,1.000000])) 
vcam.keyframe_insert('location')
vcam.keyframe_insert('scale')
vcam.keyframe_insert('rotation_euler')
vcam.data.keyframe_insert('lens')

scene.frame_current = 10
vcam.data.lens = 31.154026
vcam.matrix_world = (([0.999995,0.000080,-0.003273,0.000000], [0.000086,-0.999998,0.001758,0.000000], [-0.003273,-0.001758,-0.999993,0.000000], [-9.473465,2.183184,-18.386323,1.000000])) 
vcam.keyframe_insert('location')
vcam.keyframe_insert('scale')
vcam.keyframe_insert('rotation_euler')
vcam.data.keyframe_insert('lens')

scene.frame_current = 11
vcam.data.lens = 31.154026
vcam.matrix_world = (([0.999996,-0.000008,-0.002891,0.000000], [-0.000003,-0.999998,0.001742,0.000000], [-0.002891,-0.001742,-0.999994,0.000000], [-9.475339,2.182365,-18.391369,1.000000])) 
vcam.keyframe_insert('location')
vcam.keyframe_insert('scale')
vcam.keyframe_insert('rotation_euler')
vcam.data.keyframe_insert('lens')

scene.frame_current = 12
vcam.data.lens = 31.154026
vcam.matrix_world = (([0.999996,-0.000069,-0.002649,0.000000], [-0.000065,-0.999999,0.001491,0.000000], [-0.002650,-0.001491,-0.999995,0.000000], [-9.477458,2.181932,-18.398031,1.000000])) 
vcam.keyframe_insert('location')
vcam.keyframe_insert('scale')
vcam.keyframe_insert('rotation_euler')
vcam.data.keyframe_insert('lens')

scene.frame_current = 13
vcam.data.lens = 31.154026
vcam.matrix_world = (([0.999997,-0.000203,-0.002500,0.000000], [-0.000199,-0.999999,0.001500,0.000000], [-0.002500,-0.001499,-0.999996,0.000000], [-9.481530,2.182884,-18.406804,1.000000])) 
vcam.keyframe_insert('location')
vcam.keyframe_insert('scale')
vcam.keyframe_insert('rotation_euler')
vcam.data.keyframe_insert('lens')

scene.frame_current = 14
vcam.data.lens = 31.154026
vcam.matrix_world = (([0.999997,-0.000309,-0.002347,0.000000], [-0.000306,-0.999999,0.001363,0.000000], [-0.002347,-0.001362,-0.999996,0.000000], [-9.480968,2.182148,-18.408664,1.000000])) 
vcam.keyframe_insert('location')
vcam.keyframe_insert('scale')
vcam.keyframe_insert('rotation_euler')
vcam.data.keyframe_insert('lens')

scene.frame_current = 15
vcam.data.lens = 31.154026
vcam.matrix_world = (([0.999998,-0.000475,-0.002073,0.000000], [-0.000472,-0.999999,0.001374,0.000000], [-0.002074,-0.001373,-0.999997,0.000000], [-9.481987,2.182566,-18.410431,1.000000])) 
vcam.keyframe_insert('location')
vcam.keyframe_insert('scale')
vcam.keyframe_insert('rotation_euler')
vcam.data.keyframe_insert('lens')

scene.frame_current = 16
vcam.data.lens = 31.154026
vcam.matrix_world = (([0.999998,-0.000560,-0.001882,0.000000], [-0.000557,-0.999999,0.001307,0.000000], [-0.001883,-0.001306,-0.999997,0.000000], [-9.484152,2.180714,-18.419192,1.000000])) 
vcam.keyframe_insert('location')
vcam.keyframe_insert('scale')
vcam.keyframe_insert('rotation_euler')
vcam.data.keyframe_insert('lens')

scene.frame_current = 17
vcam.data.lens = 31.154026
vcam.matrix_world = (([0.999998,-0.000662,-0.001694,0.000000], [-0.000660,-0.999999,0.001219,0.000000], [-0.001695,-0.001218,-0.999998,0.000000], [-9.487658,2.181167,-18.426056,1.000000])) 
vcam.keyframe_insert('location')
vcam.keyframe_insert('scale')
vcam.keyframe_insert('rotation_euler')
vcam.data.keyframe_insert('lens')

scene.frame_current = 18
vcam.data.lens = 31.154026
vcam.matrix_world = (([0.999998,-0.000816,-0.001567,0.000000], [-0.000814,-0.999999,0.001136,0.000000], [-0.001568,-0.001134,-0.999998,0.000000], [-9.487085,2.181119,-18.426981,1.000000])) 
vcam.keyframe_insert('location')
vcam.keyframe_insert('scale')
vcam.keyframe_insert('rotation_euler')
vcam.data.keyframe_insert('lens')

scene.frame_current = 19
vcam.data.lens = 31.154026
vcam.matrix_world = (([0.999998,-0.000966,-0.001481,0.000000], [-0.000965,-0.999999,0.001039,0.000000], [-0.001482,-0.001038,-0.999998,0.000000], [-9.487515,2.180574,-18.429100,1.000000])) 
vcam.keyframe_insert('location')
vcam.keyframe_insert('scale')
vcam.keyframe_insert('rotation_euler')
vcam.data.keyframe_insert('lens')

scene.frame_current = 20
vcam.data.lens = 31.154026
vcam.matrix_world = (([0.999999,-0.001101,-0.001224,0.000000], [-0.001099,-0.999999,0.000995,0.000000], [-0.001225,-0.000994,-0.999999,0.000000], [-9.489186,2.180046,-18.434750,1.000000])) 
vcam.keyframe_insert('location')
vcam.keyframe_insert('scale')
vcam.keyframe_insert('rotation_euler')
vcam.data.keyframe_insert('lens')

scene.frame_current = 21
vcam.data.lens = 31.154026
vcam.matrix_world = (([0.999999,-0.001236,-0.001066,0.000000], [-0.001235,-0.999999,0.001000,0.000000], [-0.001068,-0.000998,-0.999999,0.000000], [-9.491447,2.179585,-18.437764,1.000000])) 
vcam.keyframe_insert('location')
vcam.keyframe_insert('scale')
vcam.keyframe_insert('rotation_euler')
vcam.data.keyframe_insert('lens')

scene.frame_current = 22
vcam.data.lens = 31.154026
vcam.matrix_world = (([0.999998,-0.001372,-0.001092,0.000000], [-0.001371,-0.999999,0.000787,0.000000], [-0.001093,-0.000786,-0.999999,0.000000], [-9.495378,2.180847,-18.450629,1.000000])) 
vcam.keyframe_insert('location')
vcam.keyframe_insert('scale')
vcam.keyframe_insert('rotation_euler')
vcam.data.keyframe_insert('lens')

scene.frame_current = 23
vcam.data.lens = 31.154026
vcam.matrix_world = (([0.999998,-0.001570,-0.000825,0.000000], [-0.001569,-0.999998,0.000923,0.000000], [-0.000827,-0.000922,-0.999999,0.000000], [-9.498921,2.179489,-18.457788,1.000000])) 
vcam.keyframe_insert('location')
vcam.keyframe_insert('scale')
vcam.keyframe_insert('rotation_euler')
vcam.data.keyframe_insert('lens')

scene.frame_current = 24
vcam.data.lens = 31.154026
vcam.matrix_world = (([0.999999,-0.001489,-0.000779,0.000000], [-0.001488,-0.999999,0.000584,0.000000], [-0.000780,-0.000583,-1.000000,0.000000], [-9.495044,2.178030,-18.452935,1.000000])) 
vcam.keyframe_insert('location')
vcam.keyframe_insert('scale')
vcam.keyframe_insert('rotation_euler')
vcam.data.keyframe_insert('lens')

scene.frame_current = 25
vcam.data.lens = 31.154026
vcam.matrix_world = (([0.999999,-0.001514,-0.000719,0.000000], [-0.001513,-0.999999,0.000652,0.000000], [-0.000720,-0.000651,-1.000000,0.000000], [-9.495459,2.179852,-18.451189,1.000000])) 
vcam.keyframe_insert('location')
vcam.keyframe_insert('scale')
vcam.keyframe_insert('rotation_euler')
vcam.data.keyframe_insert('lens')

scene.frame_current = 26
vcam.data.lens = 31.154026
vcam.matrix_world = (([0.999998,-0.001646,-0.000796,0.000000], [-0.001646,-0.999998,0.000576,0.000000], [-0.000797,-0.000575,-1.000000,0.000000], [-9.494644,2.178680,-18.453085,1.000000])) 
vcam.keyframe_insert('location')
vcam.keyframe_insert('scale')
vcam.keyframe_insert('rotation_euler')
vcam.data.keyframe_insert('lens')

scene.frame_current = 27
vcam.data.lens = 31.154026
vcam.matrix_world = (([0.999998,-0.001721,-0.000826,0.000000], [-0.001721,-0.999998,0.000555,0.000000], [-0.000827,-0.000553,-1.000000,0.000000], [-9.494319,2.180311,-18.451920,1.000000])) 
vcam.keyframe_insert('location')
vcam.keyframe_insert('scale')
vcam.keyframe_insert('rotation_euler')
vcam.data.keyframe_insert('lens')

scene.frame_current = 28
vcam.data.lens = 31.154026
vcam.matrix_world = (([0.999998,-0.001824,-0.000735,0.000000], [-0.001823,-0.999998,0.000731,0.000000], [-0.000737,-0.000729,-0.999999,0.000000], [-9.493164,2.180001,-18.447586,1.000000])) 
vcam.keyframe_insert('location')
vcam.keyframe_insert('scale')
vcam.keyframe_insert('rotation_euler')
vcam.data.keyframe_insert('lens')

scene.frame_current = 29
vcam.data.lens = 31.154026
vcam.matrix_world = (([0.999998,-0.001788,-0.000766,0.000000], [-0.001788,-0.999998,0.000631,0.000000], [-0.000767,-0.000630,-1.000000,0.000000], [-9.493697,2.180737,-18.445552,1.000000])) 
vcam.keyframe_insert('location')
vcam.keyframe_insert('scale')
vcam.keyframe_insert('rotation_euler')
vcam.data.keyframe_insert('lens')

scene.frame_current = 30
vcam.data.lens = 31.154026
vcam.matrix_world = (([0.999998,-0.001789,-0.000798,0.000000], [-0.001789,-0.999998,0.000678,0.000000], [-0.000799,-0.000676,-0.999999,0.000000], [-9.490190,2.182436,-18.438044,1.000000])) 
vcam.keyframe_insert('location')
vcam.keyframe_insert('scale')
vcam.keyframe_insert('rotation_euler')
vcam.data.keyframe_insert('lens')

scene.frame_current = 31
vcam.data.lens = 31.154026
vcam.matrix_world = (([0.999998,-0.001799,-0.000880,0.000000], [-0.001798,-0.999998,0.000567,0.000000], [-0.000881,-0.000566,-0.999999,0.000000], [-9.488551,2.180503,-18.435329,1.000000])) 
vcam.keyframe_insert('location')
vcam.keyframe_insert('scale')
vcam.keyframe_insert('rotation_euler')
vcam.data.keyframe_insert('lens')

scene.frame_current = 32
vcam.data.lens = 31.154026
vcam.matrix_world = (([0.999998,-0.001702,-0.000874,0.000000], [-0.001701,-0.999998,0.000528,0.000000], [-0.000875,-0.000526,-0.999999,0.000000], [-9.489624,2.182064,-18.436483,1.000000])) 
vcam.keyframe_insert('location')
vcam.keyframe_insert('scale')
vcam.keyframe_insert('rotation_euler')
vcam.data.keyframe_insert('lens')

scene.frame_current = 33
vcam.data.lens = 31.154026
vcam.matrix_world = (([0.999999,-0.001447,-0.000935,0.000000], [-0.001447,-0.999999,0.000442,0.000000], [-0.000936,-0.000440,-0.999999,0.000000], [-9.488638,2.183920,-18.431191,1.000000])) 
vcam.keyframe_insert('location')
vcam.keyframe_insert('scale')
vcam.keyframe_insert('rotation_euler')
vcam.data.keyframe_insert('lens')

scene.frame_current = 34
vcam.data.lens = 31.154026
vcam.matrix_world = (([0.999999,-0.001352,-0.000876,0.000000], [-0.001351,-0.999999,0.000538,0.000000], [-0.000877,-0.000537,-0.999999,0.000000], [-9.487561,2.182271,-18.431684,1.000000])) 
vcam.keyframe_insert('location')
vcam.keyframe_insert('scale')
vcam.keyframe_insert('rotation_euler')
vcam.data.keyframe_insert('lens')

scene.frame_current = 35
vcam.data.lens = 31.154026
vcam.matrix_world = (([0.999999,-0.001221,-0.000850,0.000000], [-0.001221,-0.999999,0.000282,0.000000], [-0.000850,-0.000281,-1.000000,0.000000], [-9.486260,2.180885,-18.429410,1.000000])) 
vcam.keyframe_insert('location')
vcam.keyframe_insert('scale')
vcam.keyframe_insert('rotation_euler')
vcam.data.keyframe_insert('lens')

scene.frame_current = 36
vcam.data.lens = 31.154026
vcam.matrix_world = (([0.999999,-0.001117,-0.000812,0.000000], [-0.001117,-0.999999,0.000290,0.000000], [-0.000812,-0.000289,-1.000000,0.000000], [-9.486176,2.182058,-18.425963,1.000000])) 
vcam.keyframe_insert('location')
vcam.keyframe_insert('scale')
vcam.keyframe_insert('rotation_euler')
vcam.data.keyframe_insert('lens')

scene.frame_current = 37
vcam.data.lens = 31.154026
vcam.matrix_world = (([0.999999,-0.000981,-0.000805,0.000000], [-0.000981,-1.000000,0.000092,0.000000], [-0.000805,-0.000092,-1.000000,0.000000], [-9.484207,2.181644,-18.420542,1.000000])) 
vcam.keyframe_insert('location')
vcam.keyframe_insert('scale')
vcam.keyframe_insert('rotation_euler')
vcam.data.keyframe_insert('lens')

scene.frame_current = 38
vcam.data.lens = 31.154026
vcam.matrix_world = (([0.999999,-0.000959,-0.000771,0.000000], [-0.000959,-1.000000,-0.000011,0.000000], [-0.000771,0.000012,-1.000000,0.000000], [-9.484153,2.182878,-18.418844,1.000000])) 
vcam.keyframe_insert('location')
vcam.keyframe_insert('scale')
vcam.keyframe_insert('rotation_euler')
vcam.data.keyframe_insert('lens')

scene.frame_current = 39
vcam.data.lens = 31.154026
vcam.matrix_world = (([0.999999,-0.000924,-0.000733,0.000000], [-0.000924,-1.000000,0.000047,0.000000], [-0.000733,-0.000046,-1.000000,0.000000], [-9.484871,2.182236,-18.419547,1.000000])) 
vcam.keyframe_insert('location')
vcam.keyframe_insert('scale')
vcam.keyframe_insert('rotation_euler')
vcam.data.keyframe_insert('lens')

scene.frame_current = 40
vcam.data.lens = 31.154026
vcam.matrix_world = (([1.000000,-0.000793,-0.000608,0.000000], [-0.000793,-1.000000,-0.000071,0.000000], [-0.000608,0.000072,-1.000000,0.000000], [-9.483773,2.180691,-18.418150,1.000000])) 
vcam.keyframe_insert('location')
vcam.keyframe_insert('scale')
vcam.keyframe_insert('rotation_euler')
vcam.data.keyframe_insert('lens')

scene.frame_current = 41
vcam.data.lens = 31.154026
vcam.matrix_world = (([1.000000,-0.000665,-0.000377,0.000000], [-0.000665,-1.000000,-0.000321,0.000000], [-0.000377,0.000321,-1.000000,0.000000], [-9.483139,2.181261,-18.414625,1.000000])) 
vcam.keyframe_insert('location')
vcam.keyframe_insert('scale')
vcam.keyframe_insert('rotation_euler')
vcam.data.keyframe_insert('lens')

scene.frame_current = 42
vcam.data.lens = 31.154026
vcam.matrix_world = (([1.000000,-0.000493,-0.000283,0.000000], [-0.000493,-1.000000,-0.000462,0.000000], [-0.000283,0.000463,-1.000000,0.000000], [-9.480639,2.181973,-18.408373,1.000000])) 
vcam.keyframe_insert('location')
vcam.keyframe_insert('scale')
vcam.keyframe_insert('rotation_euler')
vcam.data.keyframe_insert('lens')

scene.frame_current = 43
vcam.data.lens = 31.154026
vcam.matrix_world = (([1.000000,-0.000417,-0.000104,0.000000], [-0.000417,-1.000000,-0.000597,0.000000], [-0.000104,0.000597,-1.000000,0.000000], [-9.481023,2.182017,-18.408038,1.000000])) 
vcam.keyframe_insert('location')
vcam.keyframe_insert('scale')
vcam.keyframe_insert('rotation_euler')
vcam.data.keyframe_insert('lens')

scene.frame_current = 44
vcam.data.lens = 31.154026
vcam.matrix_world = (([1.000000,-0.000362,0.000130,0.000000], [-0.000362,-1.000000,-0.000863,0.000000], [0.000130,0.000863,-1.000000,0.000000], [-9.479745,2.182232,-18.404695,1.000000])) 
vcam.keyframe_insert('location')
vcam.keyframe_insert('scale')
vcam.keyframe_insert('rotation_euler')
vcam.data.keyframe_insert('lens')

scene.frame_current = 45
vcam.data.lens = 31.154026
vcam.matrix_world = (([1.000000,-0.000361,0.000386,0.000000], [-0.000360,-0.999999,-0.001018,0.000000], [0.000386,0.001018,-0.999999,0.000000], [-9.477788,2.181738,-18.397869,1.000000])) 
vcam.keyframe_insert('location')
vcam.keyframe_insert('scale')
vcam.keyframe_insert('rotation_euler')
vcam.data.keyframe_insert('lens')

scene.frame_current = 46
vcam.data.lens = 31.154026
vcam.matrix_world = (([1.000000,-0.000338,0.000656,0.000000], [-0.000337,-0.999999,-0.001113,0.000000], [0.000657,0.001113,-0.999999,0.000000], [-9.476359,2.182544,-18.393510,1.000000])) 
vcam.keyframe_insert('location')
vcam.keyframe_insert('scale')
vcam.keyframe_insert('rotation_euler')
vcam.data.keyframe_insert('lens')

scene.frame_current = 47
vcam.data.lens = 31.154026
vcam.matrix_world = (([0.999999,-0.000342,0.000984,0.000000], [-0.000340,-0.999999,-0.001371,0.000000], [0.000984,0.001371,-0.999999,0.000000], [-9.474958,2.182822,-18.389547,1.000000])) 
vcam.keyframe_insert('location')
vcam.keyframe_insert('scale')
vcam.keyframe_insert('rotation_euler')
vcam.data.keyframe_insert('lens')

scene.frame_current = 48
vcam.data.lens = 31.154026
vcam.matrix_world = (([0.999999,-0.000424,0.001410,0.000000], [-0.000422,-0.999999,-0.001526,0.000000], [0.001411,0.001525,-0.999998,0.000000], [-9.473663,2.183272,-18.384164,1.000000])) 
vcam.keyframe_insert('location')
vcam.keyframe_insert('scale')
vcam.keyframe_insert('rotation_euler')
vcam.data.keyframe_insert('lens')

scene.frame_current = 49
vcam.data.lens = 31.154026
vcam.matrix_world = (([0.999998,-0.000460,0.001863,0.000000], [-0.000457,-0.999998,-0.001730,0.000000], [0.001863,0.001729,-0.999997,0.000000], [-9.471443,2.191180,-18.374039,1.000000])) 
vcam.keyframe_insert('location')
vcam.keyframe_insert('scale')
vcam.keyframe_insert('rotation_euler')
vcam.data.keyframe_insert('lens')

scene.frame_current = 50
vcam.data.lens = 31.154026
vcam.matrix_world = (([0.999997,-0.000602,0.002357,0.000000], [-0.000598,-0.999998,-0.001820,0.000000], [0.002358,0.001818,-0.999996,0.000000], [-9.472573,2.186078,-18.375256,1.000000])) 
vcam.keyframe_insert('location')
vcam.keyframe_insert('scale')
vcam.keyframe_insert('rotation_euler')
vcam.data.keyframe_insert('lens')

scene.frame_current = 51
vcam.data.lens = 31.154026
vcam.matrix_world = (([0.999995,-0.000719,0.003055,0.000000], [-0.000714,-0.999998,-0.001878,0.000000], [0.003056,0.001876,-0.999994,0.000000], [-9.468101,2.183055,-18.371656,1.000000])) 
vcam.keyframe_insert('location')
vcam.keyframe_insert('scale')
vcam.keyframe_insert('rotation_euler')
vcam.data.keyframe_insert('lens')

scene.frame_current = 52
vcam.data.lens = 31.154026
vcam.matrix_world = (([0.999992,-0.000996,0.003743,0.000000], [-0.000988,-0.999997,-0.002084,0.000000], [0.003745,0.002081,-0.999991,0.000000], [-9.466284,2.184864,-18.358927,1.000000])) 
vcam.keyframe_insert('location')
vcam.keyframe_insert('scale')
vcam.keyframe_insert('rotation_euler')
vcam.data.keyframe_insert('lens')

scene.frame_current = 53
vcam.data.lens = 31.154026
vcam.matrix_world = (([0.999989,-0.001356,0.004477,0.000000], [-0.001346,-0.999997,-0.002243,0.000000], [0.004480,0.002237,-0.999987,0.000000], [-9.468641,2.183132,-18.365813,1.000000])) 
vcam.keyframe_insert('location')
vcam.keyframe_insert('scale')
vcam.keyframe_insert('rotation_euler')
vcam.data.keyframe_insert('lens')

scene.frame_current = 54
vcam.data.lens = 31.154026
vcam.matrix_world = (([0.999984,-0.001790,0.005359,0.000000], [-0.001777,-0.999995,-0.002417,0.000000], [0.005363,0.002408,-0.999983,0.000000], [-9.468726,2.183626,-18.363445,1.000000])) 
vcam.keyframe_insert('location')
vcam.keyframe_insert('scale')
vcam.keyframe_insert('rotation_euler')
vcam.data.keyframe_insert('lens')

scene.frame_current = 55
vcam.data.lens = 31.154026
vcam.matrix_world = (([0.999977,-0.002338,0.006405,0.000000], [-0.002321,-0.999994,-0.002591,0.000000], [0.006411,0.002576,-0.999976,0.000000], [-9.467174,2.183739,-18.360726,1.000000])) 
vcam.keyframe_insert('location')
vcam.keyframe_insert('scale')
vcam.keyframe_insert('rotation_euler')
vcam.data.keyframe_insert('lens')

scene.frame_current = 56
vcam.data.lens = 31.154026
vcam.matrix_world = (([0.999967,-0.002742,0.007619,0.000000], [-0.002721,-0.999993,-0.002755,0.000000], [0.007626,0.002734,-0.999967,0.000000], [-9.466298,2.184085,-18.357023,1.000000])) 
vcam.keyframe_insert('location')
vcam.keyframe_insert('scale')
vcam.keyframe_insert('rotation_euler')
vcam.data.keyframe_insert('lens')

scene.frame_current = 57
vcam.data.lens = 31.154026
vcam.matrix_world = (([0.999955,-0.003259,0.008932,0.000000], [-0.003233,-0.999991,-0.002914,0.000000], [0.008941,0.002885,-0.999956,0.000000], [-9.465221,2.185901,-18.355044,1.000000])) 
vcam.keyframe_insert('location')
vcam.keyframe_insert('scale')
vcam.keyframe_insert('rotation_euler')
vcam.data.keyframe_insert('lens')

scene.frame_current = 58
vcam.data.lens = 31.154026
vcam.matrix_world = (([0.999938,-0.003800,0.010436,0.000000], [-0.003770,-0.999989,-0.002952,0.000000], [0.010447,0.002912,-0.999941,0.000000], [-9.466600,2.184213,-18.354374,1.000000])) 
vcam.keyframe_insert('location')
vcam.keyframe_insert('scale')
vcam.keyframe_insert('rotation_euler')
vcam.data.keyframe_insert('lens')

scene.frame_current = 59
vcam.data.lens = 31.154026
vcam.matrix_world = (([0.999917,-0.004402,0.012077,0.000000], [-0.004366,-0.999986,-0.002989,0.000000], [0.012090,0.002936,-0.999923,0.000000], [-9.466555,2.185558,-18.357657,1.000000])) 
vcam.keyframe_insert('location')
vcam.keyframe_insert('scale')
vcam.keyframe_insert('rotation_euler')
vcam.data.keyframe_insert('lens')

scene.frame_current = 60
vcam.data.lens = 31.154026
vcam.matrix_world = (([0.999890,-0.004973,0.014000,0.000000], [-0.004931,-0.999983,-0.002977,0.000000], [0.014015,0.002907,-0.999898,0.000000], [-9.465689,2.185872,-18.359116,1.000000])) 
vcam.keyframe_insert('location')
vcam.keyframe_insert('scale')
vcam.keyframe_insert('rotation_euler')
vcam.data.keyframe_insert('lens')

scene.frame_current = 61
vcam.data.lens = 31.154026
vcam.matrix_world = (([0.999854,-0.005651,0.016097,0.000000], [-0.005603,-0.999980,-0.002988,0.000000], [0.016113,0.002898,-0.999866,0.000000], [-9.466386,2.186872,-18.353182,1.000000])) 
vcam.keyframe_insert('location')
vcam.keyframe_insert('scale')
vcam.keyframe_insert('rotation_euler')
vcam.data.keyframe_insert('lens')

scene.frame_current = 62
vcam.data.lens = 31.154026
vcam.matrix_world = (([0.999812,-0.006407,0.018318,0.000000], [-0.006354,-0.999975,-0.002950,0.000000], [0.018337,0.002833,-0.999828,0.000000], [-9.467110,2.186685,-18.356362,1.000000])) 
vcam.keyframe_insert('location')
vcam.keyframe_insert('scale')
vcam.keyframe_insert('rotation_euler')
vcam.data.keyframe_insert('lens')

scene.frame_current = 63
vcam.data.lens = 31.154026
vcam.matrix_world = (([0.999755,-0.007249,0.020932,0.000000], [-0.007189,-0.999970,-0.002908,0.000000], [0.020953,0.002757,-0.999777,0.000000], [-9.467699,2.183802,-18.376100,1.000000])) 
vcam.keyframe_insert('location')
vcam.keyframe_insert('scale')
vcam.keyframe_insert('rotation_euler')
vcam.data.keyframe_insert('lens')

scene.frame_current = 64
vcam.data.lens = 31.154026
vcam.matrix_world = (([0.999686,-0.008049,0.023710,0.000000], [-0.007980,-0.999964,-0.002996,0.000000], [0.023733,0.002806,-0.999714,0.000000], [-9.471834,2.185957,-18.371851,1.000000])) 
vcam.keyframe_insert('location')
vcam.keyframe_insert('scale')
vcam.keyframe_insert('rotation_euler')
vcam.data.keyframe_insert('lens')

scene.frame_current = 65
vcam.data.lens = 31.154026
vcam.matrix_world = (([0.999606,-0.008767,0.026662,0.000000], [-0.008690,-0.999958,-0.003005,0.000000], [0.026688,0.002773,-0.999640,0.000000], [-9.484475,2.187754,-18.345896,1.000000])) 
vcam.keyframe_insert('location')
vcam.keyframe_insert('scale')
vcam.keyframe_insert('rotation_euler')
vcam.data.keyframe_insert('lens')

scene.frame_current = 66
vcam.data.lens = 31.154026
vcam.matrix_world = (([0.999500,-0.009849,0.030031,0.000000], [-0.009768,-0.999948,-0.002828,0.000000], [0.030057,0.002533,-0.999545,0.000000], [-9.486167,2.181688,-18.377776,1.000000])) 
vcam.keyframe_insert('location')
vcam.keyframe_insert('scale')
vcam.keyframe_insert('rotation_euler')
vcam.data.keyframe_insert('lens')

scene.frame_current = 67
vcam.data.lens = 31.154026
vcam.matrix_world = (([0.999371,-0.010767,0.033780,0.000000], [-0.010675,-0.999939,-0.002892,0.000000], [0.033809,0.002530,-0.999425,0.000000], [-9.484882,2.182203,-18.390189,1.000000])) 
vcam.keyframe_insert('location')
vcam.keyframe_insert('scale')
vcam.keyframe_insert('rotation_euler')
vcam.data.keyframe_insert('lens')

scene.frame_current = 68
vcam.data.lens = 31.154026
vcam.matrix_world = (([0.999218,-0.011659,0.037772,0.000000], [-0.011564,-0.999929,-0.002721,0.000000], [0.037802,0.002283,-0.999283,0.000000], [-9.486126,2.182645,-18.408981,1.000000])) 
vcam.keyframe_insert('location')
vcam.keyframe_insert('scale')
vcam.keyframe_insert('rotation_euler')
vcam.data.keyframe_insert('lens')

scene.frame_current = 69
vcam.data.lens = 31.154026
vcam.matrix_world = (([0.999035,-0.012584,0.042075,0.000000], [-0.012480,-0.999918,-0.002720,0.000000], [0.042106,0.002192,-0.999111,0.000000], [-9.513026,2.179912,-18.367666,1.000000])) 
vcam.keyframe_insert('location')
vcam.keyframe_insert('scale')
vcam.keyframe_insert('rotation_euler')
vcam.data.keyframe_insert('lens')

scene.frame_current = 70
vcam.data.lens = 31.154026
vcam.matrix_world = (([0.998820,-0.013639,0.046619,0.000000], [-0.013529,-0.999905,-0.002684,0.000000], [0.046651,0.002050,-0.998909,0.000000], [-9.510016,2.184927,-18.383659,1.000000])) 
vcam.keyframe_insert('location')
vcam.keyframe_insert('scale')
vcam.keyframe_insert('rotation_euler')
vcam.data.keyframe_insert('lens')

scene.frame_current = 71
vcam.data.lens = 31.154026
vcam.matrix_world = (([0.998560,-0.014871,0.051542,0.000000], [-0.014759,-0.999888,-0.002543,0.000000], [0.051574,0.001779,-0.998668,0.000000], [-9.510465,2.182135,-18.390386,1.000000])) 
vcam.keyframe_insert('location')
vcam.keyframe_insert('scale')
vcam.keyframe_insert('rotation_euler')
vcam.data.keyframe_insert('lens')

scene.frame_current = 72
vcam.data.lens = 31.154026
vcam.matrix_world = (([0.998261,-0.016137,0.056689,0.000000], [-0.016030,-0.999869,-0.002345,0.000000], [0.056719,0.001432,-0.998389,0.000000], [-9.510493,2.181303,-18.391324,1.000000])) 
vcam.keyframe_insert('location')
vcam.keyframe_insert('scale')
vcam.keyframe_insert('rotation_euler')
vcam.data.keyframe_insert('lens')

scene.frame_current = 73
vcam.data.lens = 31.154026
vcam.matrix_world = (([0.997920,-0.017550,0.062036,0.000000], [-0.017441,-0.999845,-0.002297,0.000000], [0.062067,0.001211,-0.998071,0.000000], [-9.508768,2.181055,-18.424154,1.000000])) 
vcam.keyframe_insert('location')
vcam.keyframe_insert('scale')
vcam.keyframe_insert('rotation_euler')
vcam.data.keyframe_insert('lens')

scene.frame_current = 74
vcam.data.lens = 31.154026
vcam.matrix_world = (([0.997521,-0.018876,0.067792,0.000000], [-0.018776,-0.999821,-0.002106,0.000000], [0.067820,0.000828,-0.997697,0.000000], [-9.511640,2.183913,-18.414670,1.000000])) 
vcam.keyframe_insert('location')
vcam.keyframe_insert('scale')
vcam.keyframe_insert('rotation_euler')
vcam.data.keyframe_insert('lens')

scene.frame_current = 75
vcam.data.lens = 31.154026
vcam.matrix_world = (([0.997058,-0.020376,0.073892,0.000000], [-0.020296,-0.999792,-0.001835,0.000000], [0.073914,0.000330,-0.997265,0.000000], [-9.514429,2.182972,-18.422813,1.000000])) 
vcam.keyframe_insert('location')
vcam.keyframe_insert('scale')
vcam.keyframe_insert('rotation_euler')
vcam.data.keyframe_insert('lens')

scene.frame_current = 76
vcam.data.lens = 31.154026
vcam.matrix_world = (([0.996540,-0.021886,0.080182,0.000000], [-0.021821,-0.999760,-0.001689,0.000000], [0.080199,-0.000067,-0.996779,0.000000], [-9.515380,2.182794,-18.425715,1.000000])) 
vcam.keyframe_insert('location')
vcam.keyframe_insert('scale')
vcam.keyframe_insert('rotation_euler')
vcam.data.keyframe_insert('lens')

scene.frame_current = 77
vcam.data.lens = 31.154026
vcam.matrix_world = (([0.995948,-0.023574,0.086789,0.000000], [-0.023530,-0.999722,-0.001523,0.000000], [0.086801,-0.000525,-0.996226,0.000000], [-9.519810,2.181718,-18.438037,1.000000])) 
vcam.keyframe_insert('location')
vcam.keyframe_insert('scale')
vcam.keyframe_insert('rotation_euler')
vcam.data.keyframe_insert('lens')

scene.frame_current = 78
vcam.data.lens = 31.154026
vcam.matrix_world = (([0.995286,-0.025227,0.093642,0.000000], [-0.025200,-0.999681,-0.001464,0.000000], [0.093649,-0.000903,-0.995605,0.000000], [-9.523987,2.180431,-18.450515,1.000000])) 
vcam.keyframe_insert('location')
vcam.keyframe_insert('scale')
vcam.keyframe_insert('rotation_euler')
vcam.data.keyframe_insert('lens')

scene.frame_current = 79
vcam.data.lens = 31.154026
vcam.matrix_world = (([0.994529,-0.026835,0.100958,0.000000], [-0.026859,-0.999639,-0.001114,0.000000], [0.100951,-0.001604,-0.994890,0.000000], [-9.527227,2.179588,-18.459714,1.000000])) 
vcam.keyframe_insert('location')
vcam.keyframe_insert('scale')
vcam.keyframe_insert('rotation_euler')
vcam.data.keyframe_insert('lens')

scene.frame_current = 80
vcam.data.lens = 31.154026
vcam.matrix_world = (([0.993704,-0.028517,0.108345,0.000000], [-0.028571,-0.999591,-0.001054,0.000000], [0.108331,-0.002049,-0.994113,0.000000], [-9.533896,2.177875,-18.478845,1.000000])) 
vcam.keyframe_insert('location')
vcam.keyframe_insert('scale')
vcam.keyframe_insert('rotation_euler')
vcam.data.keyframe_insert('lens')

scene.frame_current = 81
vcam.data.lens = 31.154026
vcam.matrix_world = (([0.992774,-0.030251,0.116122,0.000000], [-0.030361,-0.999539,-0.000827,0.000000], [0.116093,-0.002705,-0.993235,0.000000], [-9.535303,2.179647,-18.480036,1.000000])) 
vcam.keyframe_insert('location')
vcam.keyframe_insert('scale')
vcam.keyframe_insert('rotation_euler')
vcam.data.keyframe_insert('lens')

scene.frame_current = 82
vcam.data.lens = 31.154026
vcam.matrix_world = (([0.991750,-0.031952,0.124139,0.000000], [-0.032128,-0.999484,-0.000584,0.000000], [0.124094,-0.003409,-0.992265,0.000000], [-9.540977,2.178161,-18.499424,1.000000])) 
vcam.keyframe_insert('location')
vcam.keyframe_insert('scale')
vcam.keyframe_insert('rotation_euler')
vcam.data.keyframe_insert('lens')

scene.frame_current = 83
vcam.data.lens = 31.154026
vcam.matrix_world = (([0.990626,-0.033776,0.132362,0.000000], [-0.034005,-0.999422,-0.000531,0.000000], [0.132303,-0.003975,-0.991201,0.000000], [-9.548463,2.175362,-18.511803,1.000000])) 
vcam.keyframe_insert('location')
vcam.keyframe_insert('scale')
vcam.keyframe_insert('rotation_euler')
vcam.data.keyframe_insert('lens')

scene.frame_current = 84
vcam.data.lens = 31.154026
vcam.matrix_world = (([0.989387,-0.035752,0.140834,0.000000], [-0.036057,-0.999350,-0.000391,0.000000], [0.140756,-0.004691,-0.990033,0.000000], [-9.550781,2.176340,-18.522011,1.000000])) 
vcam.keyframe_insert('location')
vcam.keyframe_insert('scale')
vcam.keyframe_insert('rotation_euler')
vcam.data.keyframe_insert('lens')

scene.frame_current = 85
vcam.data.lens = 31.154026
vcam.matrix_world = (([0.988068,-0.037554,0.149372,0.000000], [-0.037951,-0.999280,-0.000194,0.000000], [0.149271,-0.005477,-0.988781,0.000000], [-9.564553,2.177676,-18.521411,1.000000])) 
vcam.keyframe_insert('location')
vcam.keyframe_insert('scale')
vcam.keyframe_insert('rotation_euler')
vcam.data.keyframe_insert('lens')

scene.frame_current = 86
vcam.data.lens = 31.154026
vcam.matrix_world = (([0.986607,-0.039619,0.158230,0.000000], [-0.040108,-0.999195,-0.000099,0.000000], [0.158106,-0.006248,-0.987402,0.000000], [-9.560568,2.172385,-18.543408,1.000000])) 
vcam.keyframe_insert('location')
vcam.keyframe_insert('scale')
vcam.keyframe_insert('rotation_euler')
vcam.data.keyframe_insert('lens')

scene.frame_current = 87
vcam.data.lens = 31.154026
vcam.matrix_world = (([0.985032,-0.041577,0.167282,0.000000], [-0.042181,-0.999110,0.000060,0.000000], [0.167130,-0.007115,-0.985909,0.000000], [-9.563748,2.172816,-18.545477,1.000000])) 
vcam.keyframe_insert('location')
vcam.keyframe_insert('scale')
vcam.keyframe_insert('rotation_euler')
vcam.data.keyframe_insert('lens')

scene.frame_current = 88
vcam.data.lens = 31.154026
vcam.matrix_world = (([0.983355,-0.043616,0.176380,0.000000], [-0.044334,-0.999017,0.000131,0.000000], [0.176200,-0.007948,-0.984322,0.000000], [-9.570426,2.171295,-18.555338,1.000000])) 
vcam.keyframe_insert('location')
vcam.keyframe_insert('scale')
vcam.keyframe_insert('rotation_euler')
vcam.data.keyframe_insert('lens')

scene.frame_current = 89
vcam.data.lens = 31.154026
vcam.matrix_world = (([0.981566,-0.045614,0.185602,0.000000], [-0.046459,-0.998920,0.000204,0.000000], [0.185392,-0.008823,-0.982625,0.000000], [-9.577944,2.168859,-18.570875,1.000000])) 
vcam.keyframe_insert('location')
vcam.keyframe_insert('scale')
vcam.keyframe_insert('rotation_euler')
vcam.data.keyframe_insert('lens')

scene.frame_current = 90
vcam.data.lens = 31.154026
vcam.matrix_world = (([0.979623,-0.047657,0.195111,0.000000], [-0.048663,-0.998815,0.000367,0.000000], [0.194862,-0.009854,-0.980781,0.000000], [-9.578809,2.166478,-18.584546,1.000000])) 
vcam.keyframe_insert('location')
vcam.keyframe_insert('scale')
vcam.keyframe_insert('rotation_euler')
vcam.data.keyframe_insert('lens')

scene.frame_current = 91
vcam.data.lens = 31.154026
vcam.matrix_world = (([0.977564,-0.049701,0.204692,0.000000], [-0.050859,-0.998706,0.000398,0.000000], [0.204408,-0.010800,-0.978826,0.000000], [-9.586391,2.161979,-18.590417,1.000000])) 
vcam.keyframe_insert('location')
vcam.keyframe_insert('scale')
vcam.keyframe_insert('rotation_euler')
vcam.data.keyframe_insert('lens')

scene.frame_current = 92
vcam.data.lens = 31.154026
vcam.matrix_world = (([0.975416,-0.051755,0.214207,0.000000], [-0.053080,-0.998590,0.000432,0.000000], [0.213883,-0.011792,-0.976788,0.000000], [-9.591459,2.159515,-18.606167,1.000000])) 
vcam.keyframe_insert('location')
vcam.keyframe_insert('scale')
vcam.keyframe_insert('rotation_euler')
vcam.data.keyframe_insert('lens')

scene.frame_current = 93
vcam.data.lens = 31.154026
vcam.matrix_world = (([0.973120,-0.053868,0.223910,0.000000], [-0.055362,-0.998466,0.000391,0.000000], [0.223546,-0.012777,-0.974610,0.000000], [-9.594550,2.157475,-18.628253,1.000000])) 
vcam.keyframe_insert('location')
vcam.keyframe_insert('scale')
vcam.keyframe_insert('rotation_euler')
vcam.data.keyframe_insert('lens')

scene.frame_current = 94
vcam.data.lens = 31.154026
vcam.matrix_world = (([0.970681,-0.056044,0.233747,0.000000], [-0.057688,-0.998335,0.000197,0.000000], [0.233347,-0.013676,-0.972297,0.000000], [-9.596053,2.161436,-18.643129,1.000000])) 
vcam.keyframe_insert('location')
vcam.keyframe_insert('scale')
vcam.keyframe_insert('rotation_euler')
vcam.data.keyframe_insert('lens')

scene.frame_current = 95
vcam.data.lens = 31.154026
vcam.matrix_world = (([0.968150,-0.058032,0.243552,0.000000], [-0.059860,-0.998207,0.000108,0.000000], [0.243109,-0.014683,-0.969888,0.000000], [-9.597213,2.156975,-18.660133,1.000000])) 
vcam.keyframe_insert('location')
vcam.keyframe_insert('scale')
vcam.keyframe_insert('rotation_euler')
vcam.data.keyframe_insert('lens')

scene.frame_current = 96
vcam.data.lens = 31.154026
vcam.matrix_world = (([0.965469,-0.060129,0.253485,0.000000], [-0.062165,-0.998066,0.000026,0.000000], [0.252993,-0.015783,-0.967339,0.000000], [-9.595865,2.157254,-18.678035,1.000000])) 
vcam.keyframe_insert('location')
vcam.keyframe_insert('scale')
vcam.keyframe_insert('rotation_euler')
vcam.data.keyframe_insert('lens')

scene.frame_current = 97
vcam.data.lens = 31.154026
vcam.matrix_world = (([0.962673,-0.062284,0.263405,0.000000], [-0.064529,-0.997916,-0.000130,0.000000], [0.262864,-0.016872,-0.964685,0.000000], [-9.601122,2.158164,-18.691478,1.000000])) 
vcam.keyframe_insert('location')
vcam.keyframe_insert('scale')
vcam.keyframe_insert('rotation_euler')
vcam.data.keyframe_insert('lens')

scene.frame_current = 98
vcam.data.lens = 31.154026
vcam.matrix_world = (([0.959754,-0.064378,0.273365,0.000000], [-0.066828,-0.997764,-0.000353,0.000000], [0.272777,-0.017930,-0.961910,0.000000], [-9.599606,2.157145,-18.698219,1.000000])) 
vcam.keyframe_insert('location')
vcam.keyframe_insert('scale')
vcam.keyframe_insert('rotation_euler')
vcam.data.keyframe_insert('lens')

scene.frame_current = 99
vcam.data.lens = 31.154026
vcam.matrix_world = (([0.956737,-0.066367,0.283284,0.000000], [-0.069012,-0.997616,-0.000644,0.000000], [0.282652,-0.018934,-0.959036,0.000000], [-9.600746,2.156991,-18.714108,1.000000])) 
vcam.keyframe_insert('location')
vcam.keyframe_insert('scale')
vcam.keyframe_insert('rotation_euler')
vcam.data.keyframe_insert('lens')

scene.frame_current = 100
vcam.data.lens = 31.154026
vcam.matrix_world = (([0.953615,-0.068401,0.293155,0.000000], [-0.071302,-0.997454,-0.000792,0.000000], [0.292463,-0.020147,-0.956065,0.000000], [-9.604749,2.153940,-18.714706,1.000000])) 
vcam.keyframe_insert('location')
vcam.keyframe_insert('scale')
vcam.keyframe_insert('rotation_euler')
vcam.data.keyframe_insert('lens')

scene.frame_current = 101
