# blender export (blender version 2.5x and higher)
# created by voodoo camera tracker - www.digilab.uni-hannover.de
# Creation date: Mon May 20 17:45:17 2019
# USAGE: load this python script into Blender's text editor and execute the script with ALT-P
#        use the 'voodoo_render_cam' for rendering your scene
#        use the helper object 'voodoo_scene' to rotate, translate and scale the scene

import bpy
import mathutils
import string
import math
scene = bpy.context.scene
dummy = bpy.data.objects.new('voodoo_scene', None)
dummy.location = (0.0, 0.0, 0.0)
dummy.rotation_euler = ( -3.141593/2, 0.0, 0.0)
dummy.scale = (0.2, 0.2, 0.2)
scene.objects.link(dummy)
data = bpy.data.cameras.new('voodoo_render_cam')
data.lens_unit = 'DEGREES'
vcam = bpy.data.objects.new('voodoo_render_cam', data)
vcam.location = (0.0, 0.0, 0.0)
vcam.rotation_euler = (0.0, 0.0, 0.0)
vcam.scale = (1.0, 1.0, 1.0)
data.lens = 35.0
data.shift_x = 0.0
data.shift_y = 0.0
data.dof_distance = 0.0
data.clip_start = 0.1
data.clip_end = 1000.0
data.draw_size = 0.5
scene.objects.link(vcam)
vcam.parent = dummy
data = bpy.data.meshes.new('voodoo_FP3D_cloud')
mesh = bpy.data.objects.new('voodoo_FP3D_cloud', data)
mesh.location = (0.0, 0.0, 0.0)
mesh.rotation_euler = (0.0, 0.0, 0.0)
mesh.scale = (1.0, 1.0, 1.0)
scene.objects.link(mesh)
mesh.parent = dummy

#Camera Parameters
scene.frame_current = 1
vcam.data.lens = 32.431839
vcam.matrix_world = (([0.998397,-0.008039,-0.056030,0.000000], [-0.006177,-0.999426,0.033323,0.000000], [-0.056266,-0.032923,-0.997873,0.000000], [-3.332112,-1.975362,-15.420281,1.000000])) 
vcam.keyframe_insert('location')
vcam.keyframe_insert('scale')
vcam.keyframe_insert('rotation_euler')
vcam.data.keyframe_insert('lens')

scene.frame_current = 2
vcam.data.lens = 32.431839
vcam.matrix_world = (([0.998411,-0.008101,-0.055768,0.000000], [-0.006227,-0.999413,0.033686,0.000000], [-0.056008,-0.033285,-0.997875,0.000000], [-3.324311,-1.976692,-15.401417,1.000000])) 
vcam.keyframe_insert('location')
vcam.keyframe_insert('scale')
vcam.keyframe_insert('rotation_euler')
vcam.data.keyframe_insert('lens')

scene.frame_current = 3
vcam.data.lens = 32.431839
vcam.matrix_world = (([0.998399,-0.008119,-0.055972,0.000000], [-0.006224,-0.999405,0.033938,0.000000], [-0.056214,-0.033535,-0.997855,0.000000], [-3.342242,-1.985457,-15.413193,1.000000])) 
vcam.keyframe_insert('location')
vcam.keyframe_insert('scale')
vcam.keyframe_insert('rotation_euler')
vcam.data.keyframe_insert('lens')

scene.frame_current = 4
vcam.data.lens = 32.431839
vcam.matrix_world = (([0.998390,-0.008201,-0.056119,0.000000], [-0.006306,-0.999407,0.033856,0.000000], [-0.056363,-0.033448,-0.997850,0.000000], [-3.347839,-1.992076,-15.419023,1.000000])) 
vcam.keyframe_insert('location')
vcam.keyframe_insert('scale')
vcam.keyframe_insert('rotation_euler')
vcam.data.keyframe_insert('lens')

scene.frame_current = 5
vcam.data.lens = 32.431839
vcam.matrix_world = (([0.998418,-0.008157,-0.055640,0.000000], [-0.006281,-0.999409,0.033804,0.000000], [-0.055883,-0.033401,-0.997878,0.000000], [-3.334734,-1.980419,-15.429545,1.000000])) 
vcam.keyframe_insert('location')
vcam.keyframe_insert('scale')
vcam.keyframe_insert('rotation_euler')
vcam.data.keyframe_insert('lens')

scene.frame_current = 6
vcam.data.lens = 32.431839
vcam.matrix_world = (([0.998426,-0.008246,-0.055474,0.000000], [-0.006371,-0.999405,0.033893,0.000000], [-0.055720,-0.033486,-0.997885,0.000000], [-3.329092,-1.981111,-15.415408,1.000000])) 
vcam.keyframe_insert('location')
vcam.keyframe_insert('scale')
vcam.keyframe_insert('rotation_euler')
vcam.data.keyframe_insert('lens')

scene.frame_current = 7
vcam.data.lens = 32.431839
vcam.matrix_world = (([0.998432,-0.008270,-0.055369,0.000000], [-0.006388,-0.999399,0.034078,0.000000], [-0.055617,-0.033671,-0.997884,0.000000], [-3.332727,-1.991111,-15.423168,1.000000])) 
vcam.keyframe_insert('location')
vcam.keyframe_insert('scale')
vcam.keyframe_insert('rotation_euler')
vcam.data.keyframe_insert('lens')

scene.frame_current = 8
vcam.data.lens = 32.431839
vcam.matrix_world = (([0.998442,-0.008214,-0.055196,0.000000], [-0.006335,-0.999397,0.034136,0.000000], [-0.055443,-0.033733,-0.997892,0.000000], [-3.327584,-1.991367,-15.417284,1.000000])) 
vcam.keyframe_insert('location')
vcam.keyframe_insert('scale')
vcam.keyframe_insert('rotation_euler')
vcam.data.keyframe_insert('lens')

scene.frame_current = 9
vcam.data.lens = 32.431839
vcam.matrix_world = (([0.998457,-0.008206,-0.054914,0.000000], [-0.006336,-0.999397,0.034135,0.000000], [-0.055161,-0.033735,-0.997907,0.000000], [-3.321631,-1.985372,-15.425063,1.000000])) 
vcam.keyframe_insert('location')
vcam.keyframe_insert('scale')
vcam.keyframe_insert('rotation_euler')
vcam.data.keyframe_insert('lens')

scene.frame_current = 10
vcam.data.lens = 32.431839
vcam.matrix_world = (([0.998466,-0.008402,-0.054733,0.000000], [-0.006524,-0.999387,0.034403,0.000000], [-0.054989,-0.033993,-0.997908,0.000000], [-3.328682,-1.997718,-15.419611,1.000000])) 
vcam.keyframe_insert('location')
vcam.keyframe_insert('scale')
vcam.keyframe_insert('rotation_euler')
vcam.data.keyframe_insert('lens')

scene.frame_current = 11
vcam.data.lens = 32.431839
vcam.matrix_world = (([0.998494,-0.008156,-0.054259,0.000000], [-0.006311,-0.999399,0.034087,0.000000], [-0.054504,-0.033693,-0.997945,0.000000], [-3.316114,-1.975983,-15.429188,1.000000])) 
vcam.keyframe_insert('location')
vcam.keyframe_insert('scale')
vcam.keyframe_insert('rotation_euler')
vcam.data.keyframe_insert('lens')

scene.frame_current = 12
vcam.data.lens = 32.431839
vcam.matrix_world = (([0.998513,-0.008246,-0.053885,0.000000], [-0.006408,-0.999395,0.034194,0.000000], [-0.054135,-0.033798,-0.997961,0.000000], [-3.307606,-1.983695,-15.422713,1.000000])) 
vcam.keyframe_insert('location')
vcam.keyframe_insert('scale')
vcam.keyframe_insert('rotation_euler')
vcam.data.keyframe_insert('lens')

scene.frame_current = 13
vcam.data.lens = 32.431839
vcam.matrix_world = (([0.998531,-0.008395,-0.053530,0.000000], [-0.006552,-0.999383,0.034520,0.000000], [-0.053787,-0.034118,-0.997969,0.000000], [-3.318362,-1.990352,-15.424535,1.000000])) 
vcam.keyframe_insert('location')
vcam.keyframe_insert('scale')
vcam.keyframe_insert('rotation_euler')
vcam.data.keyframe_insert('lens')

scene.frame_current = 14
vcam.data.lens = 32.431839
vcam.matrix_world = (([0.998545,-0.008609,-0.053230,0.000000], [-0.006756,-0.999368,0.034897,0.000000], [-0.053497,-0.034486,-0.997972,0.000000], [-3.328213,-2.007785,-15.415891,1.000000])) 
vcam.keyframe_insert('location')
vcam.keyframe_insert('scale')
vcam.keyframe_insert('rotation_euler')
vcam.data.keyframe_insert('lens')

scene.frame_current = 15
vcam.data.lens = 32.431839
vcam.matrix_world = (([0.998569,-0.008593,-0.052791,0.000000], [-0.006762,-0.999372,0.034774,0.000000], [-0.053057,-0.034367,-0.998000,0.000000], [-3.323964,-1.997252,-15.423596,1.000000])) 
vcam.keyframe_insert('location')
vcam.keyframe_insert('scale')
vcam.keyframe_insert('rotation_euler')
vcam.data.keyframe_insert('lens')

scene.frame_current = 16
vcam.data.lens = 32.431839
vcam.matrix_world = (([0.998598,-0.008563,-0.052240,0.000000], [-0.006751,-0.999373,0.034763,0.000000], [-0.052505,-0.034361,-0.998029,0.000000], [-3.316567,-1.992594,-15.435044,1.000000])) 
vcam.keyframe_insert('location')
vcam.keyframe_insert('scale')
vcam.keyframe_insert('rotation_euler')
vcam.data.keyframe_insert('lens')

scene.frame_current = 17
vcam.data.lens = 32.431839
vcam.matrix_world = (([0.998635,-0.008634,-0.051514,0.000000], [-0.006841,-0.999368,0.034883,0.000000], [-0.051782,-0.034483,-0.998063,0.000000], [-3.305796,-1.992614,-15.430447,1.000000])) 
vcam.keyframe_insert('location')
vcam.keyframe_insert('scale')
vcam.keyframe_insert('rotation_euler')
vcam.data.keyframe_insert('lens')

scene.frame_current = 18
vcam.data.lens = 32.431839
vcam.matrix_world = (([0.998667,-0.008838,-0.050845,0.000000], [-0.007053,-0.999357,0.035165,0.000000], [-0.051123,-0.034760,-0.998087,0.000000], [-3.311473,-2.003381,-15.417473,1.000000])) 
vcam.keyframe_insert('location')
vcam.keyframe_insert('scale')
vcam.keyframe_insert('rotation_euler')
vcam.data.keyframe_insert('lens')

scene.frame_current = 19
vcam.data.lens = 32.431839
vcam.matrix_world = (([0.998708,-0.008945,-0.050018,0.000000], [-0.007175,-0.999346,0.035454,0.000000], [-0.050302,-0.035050,-0.998119,0.000000], [-3.298295,-2.010103,-15.413989,1.000000])) 
vcam.keyframe_insert('location')
vcam.keyframe_insert('scale')
vcam.keyframe_insert('rotation_euler')
vcam.data.keyframe_insert('lens')

scene.frame_current = 20
vcam.data.lens = 32.431839
vcam.matrix_world = (([0.998757,-0.008866,-0.049041,0.000000], [-0.007141,-0.999354,0.035227,0.000000], [-0.049321,-0.034833,-0.998175,0.000000], [-3.282166,-1.992832,-15.423695,1.000000])) 
vcam.keyframe_insert('location')
vcam.keyframe_insert('scale')
vcam.keyframe_insert('rotation_euler')
vcam.data.keyframe_insert('lens')

scene.frame_current = 21
vcam.data.lens = 32.431839
vcam.matrix_world = (([0.998797,-0.009192,-0.048173,0.000000], [-0.007482,-0.999340,0.035544,0.000000], [-0.048468,-0.035141,-0.998206,0.000000], [-3.280353,-2.002679,-15.424755,1.000000])) 
vcam.keyframe_insert('location')
vcam.keyframe_insert('scale')
vcam.keyframe_insert('rotation_euler')
vcam.data.keyframe_insert('lens')

scene.frame_current = 22
vcam.data.lens = 32.431839
vcam.matrix_world = (([0.998847,-0.009253,-0.047109,0.000000], [-0.007580,-0.999339,0.035568,0.000000], [-0.047407,-0.035170,-0.998256,0.000000], [-3.269097,-2.001165,-15.439940,1.000000])) 
vcam.keyframe_insert('location')
vcam.keyframe_insert('scale')
vcam.keyframe_insert('rotation_euler')
vcam.data.keyframe_insert('lens')

scene.frame_current = 23
vcam.data.lens = 32.431839
vcam.matrix_world = (([0.998886,-0.009536,-0.046208,0.000000], [-0.007882,-0.999326,0.035841,0.000000], [-0.046519,-0.035437,-0.998289,0.000000], [-3.269939,-2.002357,-15.435159,1.000000])) 
vcam.keyframe_insert('location')
vcam.keyframe_insert('scale')
vcam.keyframe_insert('rotation_euler')
vcam.data.keyframe_insert('lens')

scene.frame_current = 24
vcam.data.lens = 32.431839
vcam.matrix_world = (([0.998945,-0.009710,-0.044892,0.000000], [-0.008102,-0.999324,0.035859,0.000000], [-0.045209,-0.035458,-0.998348,0.000000], [-3.255888,-2.007272,-15.453069,1.000000])) 
vcam.keyframe_insert('location')
vcam.keyframe_insert('scale')
vcam.keyframe_insert('rotation_euler')
vcam.data.keyframe_insert('lens')

scene.frame_current = 25
vcam.data.lens = 32.431839
vcam.matrix_world = (([0.998990,-0.010120,-0.043776,0.000000], [-0.008535,-0.999306,0.036248,0.000000], [-0.044113,-0.035838,-0.998384,0.000000], [-3.254070,-2.024292,-15.458122,1.000000])) 
vcam.keyframe_insert('location')
vcam.keyframe_insert('scale')
vcam.keyframe_insert('rotation_euler')
vcam.data.keyframe_insert('lens')

scene.frame_current = 26
vcam.data.lens = 32.431839
vcam.matrix_world = (([0.999054,-0.010199,-0.042285,0.000000], [-0.008669,-0.999307,0.036203,0.000000], [-0.042625,-0.035802,-0.998449,0.000000], [-3.240009,-2.018508,-15.465608,1.000000])) 
vcam.keyframe_insert('location')
vcam.keyframe_insert('scale')
vcam.keyframe_insert('rotation_euler')
vcam.data.keyframe_insert('lens')

scene.frame_current = 27
vcam.data.lens = 32.431839
vcam.matrix_world = (([0.999111,-0.010581,-0.040796,0.000000], [-0.009093,-0.999293,0.036485,0.000000], [-0.041153,-0.036081,-0.998501,0.000000], [-3.226476,-2.027393,-15.462072,1.000000])) 
vcam.keyframe_insert('location')
vcam.keyframe_insert('scale')
vcam.keyframe_insert('rotation_euler')
vcam.data.keyframe_insert('lens')

scene.frame_current = 28
vcam.data.lens = 32.431839
vcam.matrix_world = (([0.999173,-0.010820,-0.039189,0.000000], [-0.009385,-0.999285,0.036625,0.000000], [-0.039557,-0.036227,-0.998560,0.000000], [-3.212265,-2.028896,-15.477478,1.000000])) 
vcam.keyframe_insert('location')
vcam.keyframe_insert('scale')
vcam.keyframe_insert('rotation_euler')
vcam.data.keyframe_insert('lens')

scene.frame_current = 29
vcam.data.lens = 32.431839
vcam.matrix_world = (([0.999241,-0.010926,-0.037384,0.000000], [-0.009554,-0.999282,0.036666,0.000000], [-0.037758,-0.036281,-0.998628,0.000000], [-3.189195,-2.023217,-15.475043,1.000000])) 
vcam.keyframe_insert('location')
vcam.keyframe_insert('scale')
vcam.keyframe_insert('rotation_euler')
vcam.data.keyframe_insert('lens')

scene.frame_current = 30
vcam.data.lens = 32.431839
vcam.matrix_world = (([0.999307,-0.011021,-0.035550,0.000000], [-0.009718,-0.999283,0.036603,0.000000], [-0.035928,-0.036232,-0.998697,0.000000], [-3.167044,-1.999863,-15.477533,1.000000])) 
vcam.keyframe_insert('location')
vcam.keyframe_insert('scale')
vcam.keyframe_insert('rotation_euler')
vcam.data.keyframe_insert('lens')

scene.frame_current = 31
vcam.data.lens = 32.431839
vcam.matrix_world = (([0.999363,-0.011374,-0.033827,0.000000], [-0.010117,-0.999261,0.037090,0.000000], [-0.034224,-0.036724,-0.998739,0.000000], [-3.159440,-2.023062,-15.467982,1.000000])) 
vcam.keyframe_insert('location')
vcam.keyframe_insert('scale')
vcam.keyframe_insert('rotation_euler')
vcam.data.keyframe_insert('lens')

scene.frame_current = 32
vcam.data.lens = 32.431839
vcam.matrix_world = (([0.999420,-0.011703,-0.031986,0.000000], [-0.010512,-0.999254,0.037164,0.000000], [-0.032397,-0.036807,-0.998797,0.000000], [-3.155203,-2.018567,-15.459247,1.000000])) 
vcam.keyframe_insert('location')
vcam.keyframe_insert('scale')
vcam.keyframe_insert('rotation_euler')
vcam.data.keyframe_insert('lens')

scene.frame_current = 33
vcam.data.lens = 32.431839
vcam.matrix_world = (([0.999480,-0.012006,-0.029926,0.000000], [-0.010884,-0.999242,0.037363,0.000000], [-0.030352,-0.037018,-0.998854,0.000000], [-3.136290,-2.015771,-15.444809,1.000000])) 
vcam.keyframe_insert('location')
vcam.keyframe_insert('scale')
vcam.keyframe_insert('rotation_euler')
vcam.data.keyframe_insert('lens')

scene.frame_current = 34
vcam.data.lens = 32.431839
vcam.matrix_world = (([0.999543,-0.012306,-0.027627,0.000000], [-0.011260,-0.999226,0.037682,0.000000], [-0.028069,-0.037354,-0.998908,0.000000], [-3.124248,-2.023231,-15.461530,1.000000])) 
vcam.keyframe_insert('location')
vcam.keyframe_insert('scale')
vcam.keyframe_insert('rotation_euler')
vcam.data.keyframe_insert('lens')

scene.frame_current = 35
vcam.data.lens = 32.431839
vcam.matrix_world = (([0.999594,-0.012774,-0.025470,0.000000], [-0.011803,-0.999211,0.037909,0.000000], [-0.025935,-0.037593,-0.998957,0.000000], [-3.122380,-2.037329,-15.435716,1.000000])) 
vcam.keyframe_insert('location')
vcam.keyframe_insert('scale')
vcam.keyframe_insert('rotation_euler')
vcam.data.keyframe_insert('lens')

scene.frame_current = 36
vcam.data.lens = 32.431839
vcam.matrix_world = (([0.999660,-0.012897,-0.022681,0.000000], [-0.012031,-0.999208,0.037937,0.000000], [-0.023152,-0.037651,-0.999023,0.000000], [-3.092545,-2.019586,-15.442586,1.000000])) 
vcam.keyframe_insert('location')
vcam.keyframe_insert('scale')
vcam.keyframe_insert('rotation_euler')
vcam.data.keyframe_insert('lens')

scene.frame_current = 37
vcam.data.lens = 32.431839
vcam.matrix_world = (([0.999712,-0.013309,-0.019971,0.000000], [-0.012543,-0.999199,0.037999,0.000000], [-0.020461,-0.037737,-0.999078,0.000000], [-3.080872,-2.021406,-15.449765,1.000000])) 
vcam.keyframe_insert('location')
vcam.keyframe_insert('scale')
vcam.keyframe_insert('rotation_euler')
vcam.data.keyframe_insert('lens')

scene.frame_current = 38
vcam.data.lens = 32.431839
vcam.matrix_world = (([0.999763,-0.013634,-0.016985,0.000000], [-0.012979,-0.999188,0.038135,0.000000], [-0.017491,-0.037906,-0.999128,0.000000], [-3.062490,-2.028095,-15.460002,1.000000])) 
vcam.keyframe_insert('location')
vcam.keyframe_insert('scale')
vcam.keyframe_insert('rotation_euler')
vcam.data.keyframe_insert('lens')

scene.frame_current = 39
vcam.data.lens = 32.431839
vcam.matrix_world = (([0.999811,-0.013888,-0.013630,0.000000], [-0.013359,-0.999182,0.038165,0.000000], [-0.014149,-0.037975,-0.999178,0.000000], [-3.037927,-2.027202,-15.468308,1.000000])) 
vcam.keyframe_insert('location')
vcam.keyframe_insert('scale')
vcam.keyframe_insert('rotation_euler')
vcam.data.keyframe_insert('lens')

scene.frame_current = 40
vcam.data.lens = 32.431839
vcam.matrix_world = (([0.999845,-0.014425,-0.010094,0.000000], [-0.014027,-0.999163,0.038433,0.000000], [-0.010639,-0.038285,-0.999210,0.000000], [-3.013534,-2.040709,-15.485714,1.000000])) 
vcam.keyframe_insert('location')
vcam.keyframe_insert('scale')
vcam.keyframe_insert('rotation_euler')
vcam.data.keyframe_insert('lens')

scene.frame_current = 41
vcam.data.lens = 32.431839
vcam.matrix_world = (([0.999872,-0.014822,-0.006016,0.000000], [-0.014580,-0.999154,0.038443,0.000000], [-0.006581,-0.038351,-0.999243,0.000000], [-2.982047,-2.040271,-15.511736,1.000000])) 
vcam.keyframe_insert('location')
vcam.keyframe_insert('scale')
vcam.keyframe_insert('rotation_euler')
vcam.data.keyframe_insert('lens')

scene.frame_current = 42
vcam.data.lens = 32.431839
vcam.matrix_world = (([0.999883,-0.015188,-0.001918,0.000000], [-0.015103,-0.999142,0.038552,0.000000], [-0.002502,-0.038519,-0.999255,0.000000], [-2.958327,-2.038028,-15.512965,1.000000])) 
vcam.keyframe_insert('location')
vcam.keyframe_insert('scale')
vcam.keyframe_insert('rotation_euler')
vcam.data.keyframe_insert('lens')

scene.frame_current = 43
vcam.data.lens = 32.431839
vcam.matrix_world = (([0.999875,-0.015608,0.002493,0.000000], [-0.015692,-0.999135,0.038499,0.000000], [0.001889,-0.038533,-0.999256,0.000000], [-2.918725,-2.026424,-15.515242,1.000000])) 
vcam.keyframe_insert('location')
vcam.keyframe_insert('scale')
vcam.keyframe_insert('rotation_euler')
vcam.data.keyframe_insert('lens')

scene.frame_current = 44
vcam.data.lens = 32.431839
vcam.matrix_world = (([0.999844,-0.016161,0.007085,0.000000], [-0.016423,-0.999116,0.038692,0.000000], [0.006454,-0.038802,-0.999226,0.000000], [-2.889578,-2.032728,-15.505528,1.000000])) 
vcam.keyframe_insert('location')
vcam.keyframe_insert('scale')
vcam.keyframe_insert('rotation_euler')
vcam.data.keyframe_insert('lens')

scene.frame_current = 45
vcam.data.lens = 32.431839
vcam.matrix_world = (([0.999764,-0.016713,0.013885,0.000000], [-0.017257,-0.999049,0.040030,0.000000], [0.013202,-0.040260,-0.999102,0.000000], [-2.745385,-2.093960,-15.498633,1.000000])) 
vcam.keyframe_insert('location')
vcam.keyframe_insert('scale')
vcam.keyframe_insert('rotation_euler')
vcam.data.keyframe_insert('lens')

scene.frame_current = 46
vcam.data.lens = 32.431839
vcam.matrix_world = (([0.999671,-0.017209,0.018994,0.000000], [-0.017959,-0.999037,0.040034,0.000000], [0.018287,-0.040362,-0.999018,0.000000], [-2.704824,-2.083291,-15.507676,1.000000])) 
vcam.keyframe_insert('location')
vcam.keyframe_insert('scale')
vcam.keyframe_insert('rotation_euler')
vcam.data.keyframe_insert('lens')

scene.frame_current = 47
vcam.data.lens = 32.431839
vcam.matrix_world = (([0.999554,-0.017836,0.023940,0.000000], [-0.018786,-0.999021,0.040045,0.000000], [0.023202,-0.040477,-0.998911,0.000000], [-2.692809,-2.078052,-15.506558,1.000000])) 
vcam.keyframe_insert('location')
vcam.keyframe_insert('scale')
vcam.keyframe_insert('rotation_euler')
vcam.data.keyframe_insert('lens')

scene.frame_current = 48
vcam.data.lens = 32.431839
vcam.matrix_world = (([0.999409,-0.018583,0.028919,0.000000], [-0.019744,-0.998990,0.040366,0.000000], [0.028139,-0.040913,-0.998766,0.000000], [-2.684820,-2.087569,-15.518342,1.000000])) 
vcam.keyframe_insert('location')
vcam.keyframe_insert('scale')
vcam.keyframe_insert('rotation_euler')
vcam.data.keyframe_insert('lens')

scene.frame_current = 49
vcam.data.lens = 32.431839
vcam.matrix_world = (([0.999189,-0.019102,0.035435,0.000000], [-0.020526,-0.998978,0.040263,0.000000], [0.034630,-0.040958,-0.998561,0.000000], [-2.600416,-2.075982,-15.503455,1.000000])) 
vcam.keyframe_insert('location')
vcam.keyframe_insert('scale')
vcam.keyframe_insert('rotation_euler')
vcam.data.keyframe_insert('lens')

scene.frame_current = 50
vcam.data.lens = 32.431839
vcam.matrix_world = (([0.998904,-0.020129,0.042261,0.000000], [-0.021892,-0.998892,0.041667,0.000000], [0.041376,-0.042547,-0.998237,0.000000], [-2.503238,-2.153290,-15.510444,1.000000])) 
vcam.keyframe_insert('location')
vcam.keyframe_insert('scale')
vcam.keyframe_insert('rotation_euler')
vcam.data.keyframe_insert('lens')

scene.frame_current = 51
vcam.data.lens = 32.431839
vcam.matrix_world = (([0.998579,-0.020507,0.049180,0.000000], [-0.022491,-0.998941,0.040139,0.000000], [0.048305,-0.041188,-0.997983,0.000000], [-2.402645,-2.076479,-15.552622,1.000000])) 
vcam.keyframe_insert('location')
vcam.keyframe_insert('scale')
vcam.keyframe_insert('rotation_euler')
vcam.data.keyframe_insert('lens')

scene.frame_current = 52
vcam.data.lens = 32.431839
vcam.matrix_world = (([0.998209,-0.021447,0.055838,0.000000], [-0.023751,-0.998880,0.040924,0.000000], [0.054898,-0.042177,-0.997601,0.000000], [-2.351388,-2.096084,-15.519697,1.000000])) 
vcam.keyframe_insert('location')
vcam.keyframe_insert('scale')
vcam.keyframe_insert('rotation_euler')
vcam.data.keyframe_insert('lens')

scene.frame_current = 53
vcam.data.lens = 32.431839
vcam.matrix_world = (([0.997761,-0.022356,0.063031,0.000000], [-0.025026,-0.998809,0.041889,0.000000], [0.062019,-0.043372,-0.997132,0.000000], [-2.267098,-2.141547,-15.537452,1.000000])) 
vcam.keyframe_insert('location')
vcam.keyframe_insert('scale')
vcam.keyframe_insert('rotation_euler')
vcam.data.keyframe_insert('lens')

scene.frame_current = 54
vcam.data.lens = 32.431839
vcam.matrix_world = (([0.997252,-0.023193,0.070357,0.000000], [-0.026169,-0.998789,0.041670,0.000000], [0.069305,-0.043397,-0.996651,0.000000], [-2.205614,-2.119685,-15.533381,1.000000])) 
vcam.keyframe_insert('location')
vcam.keyframe_insert('scale')
vcam.keyframe_insert('rotation_euler')
vcam.data.keyframe_insert('lens')

scene.frame_current = 55
vcam.data.lens = 32.431839
vcam.matrix_world = (([0.996693,-0.024343,0.077527,0.000000], [-0.027629,-0.998752,0.041596,0.000000], [0.076417,-0.043600,-0.996122,0.000000], [-2.156890,-2.104826,-15.555019,1.000000])) 
vcam.keyframe_insert('location')
vcam.keyframe_insert('scale')
vcam.keyframe_insert('rotation_euler')
vcam.data.keyframe_insert('lens')

scene.frame_current = 56
vcam.data.lens = 32.431839
vcam.matrix_world = (([0.996020,-0.025534,0.085394,0.000000], [-0.029204,-0.998690,0.042009,0.000000], [0.084210,-0.044336,-0.995461,0.000000], [-2.083442,-2.125233,-15.533552,1.000000])) 
vcam.keyframe_insert('location')
vcam.keyframe_insert('scale')
vcam.keyframe_insert('rotation_euler')
vcam.data.keyframe_insert('lens')

scene.frame_current = 57
vcam.data.lens = 32.431839
vcam.matrix_world = (([0.995322,-0.026453,0.092926,0.000000], [-0.030507,-0.998631,0.042480,0.000000], [0.091675,-0.045117,-0.994766,0.000000], [-2.027630,-2.142539,-15.551829,1.000000])) 
vcam.keyframe_insert('location')
vcam.keyframe_insert('scale')
vcam.keyframe_insert('rotation_euler')
vcam.data.keyframe_insert('lens')

scene.frame_current = 58
vcam.data.lens = 32.431839
vcam.matrix_world = (([0.994445,-0.027478,0.101603,0.000000], [-0.032025,-0.998545,0.043389,0.000000], [0.100263,-0.046402,-0.993878,0.000000], [-1.903531,-2.192915,-15.560565,1.000000])) 
vcam.keyframe_insert('location')
vcam.keyframe_insert('scale')
vcam.keyframe_insert('rotation_euler')
vcam.data.keyframe_insert('lens')

scene.frame_current = 59
vcam.data.lens = 32.431839
vcam.matrix_world = (([0.993569,-0.028649,0.109547,0.000000], [-0.033552,-0.998504,0.043174,0.000000], [0.108146,-0.046572,-0.993044,0.000000], [-1.832515,-2.179995,-15.564981,1.000000])) 
vcam.keyframe_insert('location')
vcam.keyframe_insert('scale')
vcam.keyframe_insert('rotation_euler')
vcam.data.keyframe_insert('lens')

scene.frame_current = 60
vcam.data.lens = 32.431839
vcam.matrix_world = (([0.992668,-0.030011,0.117092,0.000000], [-0.035319,-0.998428,0.043520,0.000000], [0.115602,-0.047337,-0.992167,0.000000], [-1.792930,-2.198350,-15.560680,1.000000])) 
vcam.keyframe_insert('location')
vcam.keyframe_insert('scale')
vcam.keyframe_insert('rotation_euler')
vcam.data.keyframe_insert('lens')

scene.frame_current = 61
vcam.data.lens = 32.431839
vcam.matrix_world = (([0.991570,-0.031212,0.125758,0.000000], [-0.037077,-0.998318,0.044567,0.000000], [0.124155,-0.048854,-0.991059,0.000000], [-1.684533,-2.251967,-15.568230,1.000000])) 
vcam.keyframe_insert('location')
vcam.keyframe_insert('scale')
vcam.keyframe_insert('rotation_euler')
vcam.data.keyframe_insert('lens')

scene.frame_current = 62
vcam.data.lens = 32.431839
vcam.matrix_world = (([0.990451,-0.032347,0.134016,0.000000], [-0.038654,-0.998251,0.044733,0.000000], [0.132334,-0.049486,-0.989969,0.000000], [-1.605426,-2.269378,-15.553145,1.000000])) 
vcam.keyframe_insert('location')
vcam.keyframe_insert('scale')
vcam.keyframe_insert('rotation_euler')
vcam.data.keyframe_insert('lens')

scene.frame_current = 63
vcam.data.lens = 32.431839
vcam.matrix_world = (([0.989300,-0.033568,0.141982,0.000000], [-0.040322,-0.998175,0.044962,0.000000], [0.140213,-0.050206,-0.988848,0.000000], [-1.523577,-2.284203,-15.560233,1.000000])) 
vcam.keyframe_insert('location')
vcam.keyframe_insert('scale')
vcam.keyframe_insert('rotation_euler')
vcam.data.keyframe_insert('lens')

scene.frame_current = 64
vcam.data.lens = 32.431839
vcam.matrix_world = (([0.988073,-0.034942,0.149968,0.000000], [-0.042259,-0.998053,0.045881,0.000000], [0.148073,-0.051671,-0.987626,0.000000], [-1.457177,-2.334239,-15.538307,1.000000])) 
vcam.keyframe_insert('location')
vcam.keyframe_insert('scale')
vcam.keyframe_insert('rotation_euler')
vcam.data.keyframe_insert('lens')

scene.frame_current = 65
vcam.data.lens = 32.431839
vcam.matrix_world = (([0.986782,-0.036205,0.157958,0.000000], [-0.044056,-0.997947,0.046489,0.000000], [0.155951,-0.052834,-0.986351,0.000000], [-1.372629,-2.376385,-15.535760,1.000000])) 
vcam.keyframe_insert('location')
vcam.keyframe_insert('scale')
vcam.keyframe_insert('rotation_euler')
vcam.data.keyframe_insert('lens')

scene.frame_current = 66
vcam.data.lens = 32.431839
vcam.matrix_world = (([0.985354,-0.037434,0.166361,0.000000], [-0.045736,-0.997877,0.046356,0.000000], [0.164273,-0.053285,-0.984975,0.000000], [-1.270874,-2.368820,-15.526057,1.000000])) 
vcam.keyframe_insert('location')
vcam.keyframe_insert('scale')
vcam.keyframe_insert('rotation_euler')
vcam.data.keyframe_insert('lens')

scene.frame_current = 67
vcam.data.lens = 32.431839
vcam.matrix_world = (([0.983881,-0.038741,0.174580,0.000000], [-0.047567,-0.997778,0.046656,0.000000], [0.172384,-0.054208,-0.983537,0.000000], [-1.170784,-2.394250,-15.531887,1.000000])) 
vcam.keyframe_insert('location')
vcam.keyframe_insert('scale')
vcam.keyframe_insert('rotation_euler')
vcam.data.keyframe_insert('lens')

scene.frame_current = 68
vcam.data.lens = 32.431839
vcam.matrix_world = (([0.982269,-0.039836,0.183193,0.000000], [-0.049160,-0.997701,0.046638,0.000000], [0.180914,-0.054817,-0.981970,0.000000], [-1.048013,-2.393100,-15.503926,1.000000])) 
vcam.keyframe_insert('location')
vcam.keyframe_insert('scale')
vcam.keyframe_insert('rotation_euler')
vcam.data.keyframe_insert('lens')

scene.frame_current = 69
vcam.data.lens = 32.431839
vcam.matrix_world = (([0.980709,-0.041115,0.191099,0.000000], [-0.050996,-0.997589,0.047079,0.000000], [0.188702,-0.055916,-0.980441,0.000000], [-0.954302,-2.423527,-15.494042,1.000000])) 
vcam.keyframe_insert('location')
vcam.keyframe_insert('scale')
vcam.keyframe_insert('rotation_euler')
vcam.data.keyframe_insert('lens')

scene.frame_current = 70
vcam.data.lens = 32.431839
vcam.matrix_world = (([0.979059,-0.042215,0.199153,0.000000], [-0.052555,-0.997515,0.046916,0.000000], [0.196678,-0.056400,-0.978845,0.000000], [-0.843081,-2.427856,-15.488697,1.000000])) 
vcam.keyframe_insert('location')
vcam.keyframe_insert('scale')
vcam.keyframe_insert('rotation_euler')
vcam.data.keyframe_insert('lens')

scene.frame_current = 71
vcam.data.lens = 32.431839
vcam.matrix_world = (([0.977436,-0.043431,0.206718,0.000000], [-0.054213,-0.997433,0.046777,0.000000], [0.204155,-0.056929,-0.977282,0.000000], [-0.762173,-2.420137,-15.471586,1.000000])) 
vcam.keyframe_insert('location')
vcam.keyframe_insert('scale')
vcam.keyframe_insert('rotation_euler')
vcam.data.keyframe_insert('lens')

scene.frame_current = 72
vcam.data.lens = 32.431839
vcam.matrix_world = (([0.975659,-0.044523,0.214726,0.000000], [-0.055912,-0.997317,0.047258,0.000000], [0.212045,-0.058114,-0.975530,0.000000], [-0.647529,-2.455955,-15.452154,1.000000])) 
vcam.keyframe_insert('location')
vcam.keyframe_insert('scale')
vcam.keyframe_insert('rotation_euler')
vcam.data.keyframe_insert('lens')

scene.frame_current = 73
vcam.data.lens = 32.431839
vcam.matrix_world = (([0.973942,-0.045584,0.222168,0.000000], [-0.057374,-0.997251,0.046901,0.000000], [0.219419,-0.058425,-0.973880,0.000000], [-0.560829,-2.438967,-15.441582,1.000000])) 
vcam.keyframe_insert('location')
vcam.keyframe_insert('scale')
vcam.keyframe_insert('rotation_euler')
vcam.data.keyframe_insert('lens')

scene.frame_current = 74
vcam.data.lens = 32.431839
vcam.matrix_world = (([0.972169,-0.046609,0.229598,0.000000], [-0.058836,-0.997175,0.046695,0.000000], [0.226773,-0.058904,-0.972165,0.000000], [-0.455107,-2.445793,-15.440168,1.000000])) 
vcam.keyframe_insert('location')
vcam.keyframe_insert('scale')
vcam.keyframe_insert('rotation_euler')
vcam.data.keyframe_insert('lens')

scene.frame_current = 75
vcam.data.lens = 32.431839
vcam.matrix_world = (([0.970341,-0.047469,0.237035,0.000000], [-0.060164,-0.997100,0.046611,0.000000], [0.234135,-0.059490,-0.970382,0.000000], [-0.362725,-2.441915,-15.426115,1.000000])) 
vcam.keyframe_insert('location')
vcam.keyframe_insert('scale')
vcam.keyframe_insert('rotation_euler')
vcam.data.keyframe_insert('lens')

scene.frame_current = 76
vcam.data.lens = 32.431839
vcam.matrix_world = (([0.968593,-0.048289,0.243918,0.000000], [-0.061581,-0.996987,0.047157,0.000000], [0.240906,-0.060697,-0.968649,0.000000], [-0.281450,-2.482542,-15.401955,1.000000])) 
vcam.keyframe_insert('location')
vcam.keyframe_insert('scale')
vcam.keyframe_insert('rotation_euler')
vcam.data.keyframe_insert('lens')

scene.frame_current = 77
vcam.data.lens = 32.431839
vcam.matrix_world = (([0.966728,-0.049006,0.251067,0.000000], [-0.062806,-0.996907,0.047247,0.000000], [0.247975,-0.061444,-0.966816,0.000000], [-0.184096,-2.495723,-15.365554,1.000000])) 
vcam.keyframe_insert('location')
vcam.keyframe_insert('scale')
vcam.keyframe_insert('rotation_euler')
vcam.data.keyframe_insert('lens')

scene.frame_current = 78
vcam.data.lens = 32.431839
vcam.matrix_world = (([0.964983,-0.049670,0.257567,0.000000], [-0.063931,-0.996833,0.047286,0.000000], [0.254403,-0.062097,-0.965103,0.000000], [-0.113430,-2.499509,-15.342241,1.000000])) 
vcam.keyframe_insert('location')
vcam.keyframe_insert('scale')
vcam.keyframe_insert('rotation_euler')
vcam.data.keyframe_insert('lens')

scene.frame_current = 79
vcam.data.lens = 32.431839
vcam.matrix_world = (([0.963019,-0.050377,0.264683,0.000000], [-0.065155,-0.996751,0.047351,0.000000], [0.261438,-0.062845,-0.963172,0.000000], [-0.000747,-2.518478,-15.308775,1.000000])) 
vcam.keyframe_insert('location')
vcam.keyframe_insert('scale')
vcam.keyframe_insert('rotation_euler')
vcam.data.keyframe_insert('lens')

scene.frame_current = 80
vcam.data.lens = 32.431839
vcam.matrix_world = (([0.961211,-0.050923,0.271072,0.000000], [-0.066026,-0.996716,0.046883,0.000000], [0.267795,-0.062962,-0.961417,0.000000], [0.081269,-2.500268,-15.300650,1.000000])) 
vcam.keyframe_insert('location')
vcam.keyframe_insert('scale')
vcam.keyframe_insert('rotation_euler')
vcam.data.keyframe_insert('lens')

scene.frame_current = 81
vcam.data.lens = 32.431839
vcam.matrix_world = (([0.959441,-0.051368,0.277191,0.000000], [-0.066813,-0.996679,0.046557,0.000000], [0.273879,-0.063189,-0.959686,0.000000], [0.150024,-2.486359,-15.291410,1.000000])) 
vcam.keyframe_insert('location')
vcam.keyframe_insert('scale')
vcam.keyframe_insert('rotation_euler')
vcam.data.keyframe_insert('lens')

scene.frame_current = 82
vcam.data.lens = 32.431839
vcam.matrix_world = (([0.957604,-0.051915,0.283370,0.000000], [-0.068023,-0.996562,0.047299,0.000000], [0.279940,-0.064569,-0.957844,0.000000], [0.222355,-2.540919,-15.277757,1.000000])) 
vcam.keyframe_insert('location')
vcam.keyframe_insert('scale')
vcam.keyframe_insert('rotation_euler')
vcam.data.keyframe_insert('lens')

scene.frame_current = 83
vcam.data.lens = 32.431839
vcam.matrix_world = (([0.955637,-0.052534,0.289824,0.000000], [-0.068989,-0.996517,0.046850,0.000000], [0.286353,-0.064766,-0.955933,0.000000], [0.315106,-2.527753,-15.257114,1.000000])) 
vcam.keyframe_insert('location')
vcam.keyframe_insert('scale')
vcam.keyframe_insert('rotation_euler')
vcam.data.keyframe_insert('lens')

scene.frame_current = 84
vcam.data.lens = 32.431839
vcam.matrix_world = (([0.953883,-0.052910,0.295478,0.000000], [-0.069899,-0.996435,0.047228,0.000000], [0.291926,-0.065704,-0.954181,0.000000], [0.371154,-2.558127,-15.224795,1.000000])) 
vcam.keyframe_insert('location')
vcam.keyframe_insert('scale')
vcam.keyframe_insert('rotation_euler')
vcam.data.keyframe_insert('lens')

scene.frame_current = 85
vcam.data.lens = 32.431839
vcam.matrix_world = (([0.952069,-0.053332,0.301199,0.000000], [-0.070790,-0.996367,0.047341,0.000000], [0.297580,-0.066393,-0.952386,0.000000], [0.448142,-2.577708,-15.207069,1.000000])) 
vcam.keyframe_insert('location')
vcam.keyframe_insert('scale')
vcam.keyframe_insert('rotation_euler')
vcam.data.keyframe_insert('lens')

scene.frame_current = 86
vcam.data.lens = 32.431839
vcam.matrix_world = (([0.950162,-0.053542,0.307124,0.000000], [-0.071389,-0.996333,0.047164,0.000000], [0.303472,-0.066739,-0.950500,0.000000], [0.540938,-2.579099,-15.172152,1.000000])) 
vcam.keyframe_insert('location')
vcam.keyframe_insert('scale')
vcam.keyframe_insert('rotation_euler')
vcam.data.keyframe_insert('lens')

scene.frame_current = 87
vcam.data.lens = 32.431839
vcam.matrix_world = (([0.948436,-0.053721,0.312382,0.000000], [-0.071992,-0.996286,0.047246,0.000000], [0.308683,-0.067299,-0.948781,0.000000], [0.603666,-2.591817,-15.140899,1.000000])) 
vcam.keyframe_insert('location')
vcam.keyframe_insert('scale')
vcam.keyframe_insert('rotation_euler')
vcam.data.keyframe_insert('lens')

scene.frame_current = 88
vcam.data.lens = 32.431839
vcam.matrix_world = (([0.946672,-0.054020,0.317639,0.000000], [-0.072880,-0.996195,0.047786,0.000000], [0.313849,-0.068387,-0.947007,0.000000], [0.673252,-2.626854,-15.112439,1.000000])) 
vcam.keyframe_insert('location')
vcam.keyframe_insert('scale')
vcam.keyframe_insert('rotation_euler')
vcam.data.keyframe_insert('lens')

scene.frame_current = 89
vcam.data.lens = 32.431839
vcam.matrix_world = (([0.944921,-0.054154,0.322786,0.000000], [-0.073231,-0.996195,0.047244,0.000000], [0.319000,-0.068279,-0.945292,0.000000], [0.743820,-2.602220,-15.086047,1.000000])) 
vcam.keyframe_insert('location')
vcam.keyframe_insert('scale')
vcam.keyframe_insert('rotation_euler')
vcam.data.keyframe_insert('lens')

scene.frame_current = 90
vcam.data.lens = 32.431839
vcam.matrix_world = (([0.943317,-0.054351,0.327413,0.000000], [-0.073725,-0.996168,0.047044,0.000000], [0.323602,-0.068516,-0.943709,0.000000], [0.807161,-2.591652,-15.077060,1.000000])) 
vcam.keyframe_insert('location')
vcam.keyframe_insert('scale')
vcam.keyframe_insert('rotation_euler')
vcam.data.keyframe_insert('lens')

scene.frame_current = 91
vcam.data.lens = 32.431839
vcam.matrix_world = (([0.941730,-0.054416,0.331939,0.000000], [-0.074097,-0.996147,0.046914,0.000000], [0.328107,-0.068776,-0.942134,0.000000], [0.852679,-2.581901,-15.062854,1.000000])) 
vcam.keyframe_insert('location')
vcam.keyframe_insert('scale')
vcam.keyframe_insert('rotation_euler')
vcam.data.keyframe_insert('lens')

scene.frame_current = 92
vcam.data.lens = 32.431839
vcam.matrix_world = (([0.939904,-0.054621,0.337043,0.000000], [-0.074630,-0.996118,0.046689,0.000000], [0.333184,-0.069036,-0.940331,0.000000], [0.950940,-2.577778,-15.034628,1.000000])) 
vcam.keyframe_insert('location')
vcam.keyframe_insert('scale')
vcam.keyframe_insert('rotation_euler')
vcam.data.keyframe_insert('lens')

scene.frame_current = 93
vcam.data.lens = 32.431839
vcam.matrix_world = (([0.938299,-0.054589,0.341489,0.000000], [-0.075157,-0.996050,0.047280,0.000000], [0.337560,-0.070028,-0.938696,0.000000], [1.000386,-2.606419,-14.978594,1.000000])) 
vcam.keyframe_insert('location')
vcam.keyframe_insert('scale')
vcam.keyframe_insert('rotation_euler')
vcam.data.keyframe_insert('lens')

scene.frame_current = 94
vcam.data.lens = 32.431839
vcam.matrix_world = (([0.936920,-0.054675,0.345242,0.000000], [-0.075480,-0.996034,0.047100,0.000000], [0.341298,-0.070188,-0.937331,0.000000], [1.042842,-2.594059,-14.982383,1.000000])) 
vcam.keyframe_insert('location')
vcam.keyframe_insert('scale')
vcam.keyframe_insert('rotation_euler')
vcam.data.keyframe_insert('lens')

scene.frame_current = 95
vcam.data.lens = 32.431839
vcam.matrix_world = (([0.935475,-0.054600,0.349150,0.000000], [-0.075777,-0.996003,0.047275,0.000000], [0.345174,-0.070682,-0.935874,0.000000], [1.089919,-2.597640,-14.972275,1.000000])) 
vcam.keyframe_insert('location')
vcam.keyframe_insert('scale')
vcam.keyframe_insert('rotation_euler')
vcam.data.keyframe_insert('lens')

scene.frame_current = 96
vcam.data.lens = 32.431839
vcam.matrix_world = (([0.933954,-0.054580,0.353201,0.000000], [-0.076264,-0.995943,0.047757,0.000000], [0.349162,-0.071540,-0.934328,0.000000], [1.143396,-2.617886,-14.925002,1.000000])) 
vcam.keyframe_insert('location')
vcam.keyframe_insert('scale')
vcam.keyframe_insert('rotation_euler')
vcam.data.keyframe_insert('lens')

scene.frame_current = 97
vcam.data.lens = 32.431839
vcam.matrix_world = (([0.932691,-0.054545,0.356528,0.000000], [-0.076443,-0.995937,0.047611,0.000000], [0.352482,-0.071660,-0.933071,0.000000], [1.188448,-2.601164,-14.927870,1.000000])) 
vcam.keyframe_insert('location')
vcam.keyframe_insert('scale')
vcam.keyframe_insert('rotation_euler')
vcam.data.keyframe_insert('lens')

scene.frame_current = 98
vcam.data.lens = 32.431839
vcam.matrix_world = (([0.931470,-0.054515,0.359711,0.000000], [-0.076660,-0.995921,0.047578,0.000000], [0.355651,-0.071893,-0.931850,0.000000], [1.219806,-2.583935,-14.903311,1.000000])) 
vcam.keyframe_insert('location')
vcam.keyframe_insert('scale')
vcam.keyframe_insert('rotation_euler')
vcam.data.keyframe_insert('lens')

scene.frame_current = 99
vcam.data.lens = 32.431839
vcam.matrix_world = (([0.930287,-0.054518,0.362760,0.000000], [-0.076925,-0.995900,0.047604,0.000000], [0.358677,-0.072191,-0.930666,0.000000], [1.258410,-2.572738,-14.886639,1.000000])) 
vcam.keyframe_insert('location')
vcam.keyframe_insert('scale')
vcam.keyframe_insert('rotation_euler')
vcam.data.keyframe_insert('lens')

scene.frame_current = 100
vcam.data.lens = 32.431839
vcam.matrix_world = (([0.930197,-0.054494,0.362993,0.000000], [-0.076980,-0.995888,0.047758,0.000000], [0.358898,-0.072367,-0.930567,0.000000], [1.270414,-2.582334,-14.881167,1.000000])) 
vcam.keyframe_insert('location')
vcam.keyframe_insert('scale')
